   5.5800047947944202        14.558343856501976        26.520636090652914     
  -1.6744256401510120        1.1941463605667326        1.4352031098873315     
   9.9171786784066427        12.478278958226193        18.285622136082022     
   1.6174009620985366       -1.9991078941332325        1.6946529345008252     
   1.7209279874141037        16.004385771219635        23.655101095728948     
 -0.31877812930276545       -1.2338116013620730        1.6903763028828711     
   12.284314635951025        15.761432147729936        5.9654635615134231     
   1.2861124507572508      -0.37066911552784604        2.2920467715454267     
   12.010628464371630        16.011617691515500        6.1900069878894159     
   1.1901997067099122       0.72624843121745442      -0.63368775097465802     
   11.972531077542136        15.530791072107975        5.9883124874339968     
  -2.6361934537318188      -0.62698788136696515       -4.0406542897517506     
   13.986129481950439        19.415965723302602        6.1739088630025396     
 -0.36243249621962720      -0.47292813791006511        2.2137760044379475     
   13.834337380983992        19.129026764234599        6.3218685308485520     
  -5.9316816503636201      -0.30969700564365360       0.26951422498549993     
   13.825354793534919        19.174400103554344        6.2106378335311012     
   2.6369878752774301       -2.7536879581823359       -1.1356417737703652     
   9.0719280188386122       -8.2660298861685160        18.724531444564889     
  0.91522396540843409       0.73480710282384698        2.1176048708249939     
   17.532918908773979        8.3736534496263815        5.9488656588706226     
  0.52500407289752138      -0.18899750213110408       -5.5968713237503041     
   14.940549867668691        8.9964521521050980        5.0752440599802684     
   1.4636410358824194      -0.11572334602164978        1.4685632707817455     
   12.338566528739456        25.036655194348363        3.8242149924827742     
  -1.0633339525392413       0.89892084559078766        3.5563914874954827     
   7.4798070803775021        21.528184816697209      -0.68010108335545594     
   2.5801095834814651        1.8920351090495404      -0.38304569769875896     
   7.3168082524902989        20.874294109945460      -0.72360186016323325     
  0.75674587233442159       -1.7128141532689141       0.30815421501746931     
   12.005500021434514        24.306178027670679        28.996670094331964     
 -0.73526673696294009       -1.8992938693047789       0.77008872314617038     
   9.7753321305796437        29.454455173654207        27.307223080403979     
   1.4733339600922406      -0.71894062150280680        3.4835028487416984     
   12.269785452864516        24.380228090559509        29.035432223847376     
   1.9782281919021476       0.83234784270638940       -2.9669962530048402     
   15.302001623033561        31.487271439231247        14.886032046275867     
  -1.8127008266743978      -0.89270006125865231      -0.14157272200925153     
   21.327203609146459        13.911141802164046        14.526702648340828     
   1.9511866485368450        2.8964130990625327       -1.1468758874974829     
   18.301928053712722        16.123434237335800       0.69746230547017396     
 -0.34547077264698212       -2.5341876985327350       -1.9725825785890070     
   27.537689541890217        11.267884008236885        13.851284380542209     
   2.8133887765288201        1.1718870436293716       -3.0292141087248345     
   27.352817218455368        11.330809937789477        14.223240508280195     
  -2.2377525222181269        1.0061584516704858       -2.0083378030210648     
   27.564138605137988        11.180041513857308        13.802116341248395     
  0.41867939355645234       0.28793712636569868       0.60843865936580421     
   18.414685357888118        29.393063580923823        10.118228058349843     
   2.9547489181178515        2.0577131565748581       0.11654797749980950     
   6.2115847604102159        34.349426339217942        16.027311208165017     
  -2.0317301161810155       0.31273754550283028       0.89823922212603802     
   18.678474124883142        29.606026872282602        9.9492722354763661     
   3.0556774905860578        2.5934550128402893       0.45181773875024622     
   11.773722093812635        13.278879793913218        9.2200046642416265     
  -1.4923767898299665       -1.0897268634671855        2.3226341057580693     
   12.620670213345999        13.759056722800358        9.0987097136863611     
   3.0471307340300275       0.62927577363396670        3.1998844183571085     
   12.080916340475879        13.594938195551165        9.0199237223665207     
   1.5968496117163788        1.1149744124358081       0.44910107387335874     
   14.682097627421818        15.409780464880672        19.437996189454182     
  -3.4410291627129603       -2.6163280650168805        2.2889062369063181E-002
   5.9728155523206095        4.8868222231079077        12.543506481620842     
  0.25098828290068687        2.4408156603107294       -1.3403707506412705     
   21.608535198470218       -8.2454418784652201        13.992774675021014     
   3.9686011155534753        2.7376082790948519       -1.4349344735161826     
   11.904325596711772        13.570681372494375        3.0862567331830726     
  0.82565448436635824      -0.31939498979458092      -0.73873330319796326     
  -1.3692948499937470        17.894094661461939        7.2738010529231696     
   2.0990722659486361        3.0165466032920567       -4.0394586416579514     
   12.042766075806293        9.3298383557097040        8.0962450215789712     
 -0.46457862937931305        1.6198992222030268       -2.3861224497262605     
   23.452649106063241        5.0993309701288512        10.941838675478142     
  -2.5397421709061314       -1.4820869443821620       0.58513044944274673     
   28.724837655684802        8.5386463396800494        12.155125847075057     
   1.3763880016545804      -0.49916988593957662        1.1648887444804590     
   28.761465229588158        8.4272739212320218        12.235126527182977     
  -2.7485429658255884        1.2628146338433059        7.2647628690473254E-002
   26.780602196435613       -3.8418587123925487        6.4920748360962479     
  -3.2286135874369410       -1.9533490635604984        3.3308408087065269     
   36.347460774467066       -3.9077381590213145        7.9934245124004137     
   1.0613492399220699       0.20381081200394285        1.0464087419486499     
   36.114863164149618       -4.0758089947960716        7.8947952879290915     
  -2.6465776683041824       -1.9239649744733005        1.0993509504756558     
   2.7244069378798064        26.820866492557691        29.593900638477859     
  -1.2900459785917382       -1.4604060803604566       0.48835383886451472     
   3.0385766728039867        27.083716576342326        29.279671780588536     
  -1.4234339772790938       0.65450566443368130        1.0619555861099543     
   3.2416195972167388        27.310694364778840        29.171445994878031     
  -2.5800096920389559        1.4555976777350323      -0.46277723988173358     
   5.5844507177382825        10.427741878956793       -7.0137960472820131     
  -3.8846272050206021E-002   2.5973602985685065       -2.2864544969078575     
   5.6337782628724167        5.3132195753232985        7.0364818293387410     
  -1.2461722049964754      -0.13787342636467906       -2.1641058934771551     
   8.6966187931255003        20.284195848016861       -6.8633603607325266     
   1.7724664660963163       0.74698814921184886       0.32444814099345615     
   29.194657212620676        30.111482835679606        30.965011432105584     
  -2.6434597967839477       0.20298786843192618      -0.45955186950194626     
   25.296031462294991        9.5639739772773638        34.100847080388903     
   1.4976671018964443      -0.27533782303110338       0.85550952715986739     
   24.936469360304656        11.899340706754069        19.853695045671557     
  -2.0843468931697284       -2.7805088508889662       0.51405305778098342     
   1.7273451237780848        26.110548521584253        5.7616153506327903     
  -3.6005878253909058       0.96680057930754137        1.2858185291351139     
   1.9523876324569887        26.332671814193930        5.6837713085870210     
  -3.5421460154230622        1.2397488605475766        2.9274941241186667     
   1.9462823522711152        27.092226399111961        5.5415318025819333     
   1.2510382318624209        1.8940129414403233      -0.56812548309725741     
   28.022468706687899        26.799225782539306        29.377492561740926     
 -0.82879952161000103       0.44712929371860821      -0.11546429193219199     
   29.457310213114145        26.519085080850957        15.490602949829780     
  -1.9041442336864616       0.23354763608365192      -0.95429780977063683     
   27.936397600440138        26.074219727792855        30.022344912471862     
  -2.4280568501196722       0.89195676947724145        1.4039112572364487     
   21.520881280947098        33.263699501807473        18.868442174281199     
   2.8764921345209853      -0.68201277172716601        2.0499741554663826     
   18.236358835025602        37.815100588583370        2.5617889048464377     
  0.74026505107585971       -6.6532792877546765E-002   2.4431489628599028     
   35.164335882059184        30.604234336309041        10.342877711865574     
  -2.7159893797177519      -0.42039578644534842      -0.37079707724043143     
   24.222344756199988        1.9539455725979173        31.431677972968906     
  0.24072308249879645      -0.72935441327746930       -2.1064236561457301     
   4.5969400832466603       0.41570669959370132        23.497905981582974     
  -2.6675525540373637       -1.8754741412179909        4.0460213497133246E-003
   25.534681588671216        4.1784707840659534        32.707119816195814     
  -2.9698260170262030       -1.3719311061285975        1.2313947597255459     
   29.097926944776134        14.562478922255623        9.0193304228616373     
 -0.47203582854227166       0.22425974820210515       -1.4937253681980440     
   28.942477480942749        14.668491242365372        8.9649265677332792     
 -0.10414539041512505        3.2744763639492191      -0.66956745293752806     
   29.229580660703821        14.629543870343795        9.1236038089908931     
 -0.37592318733172858        2.4391079124217012       -2.9181701277242427     
   6.7134651652735604        14.112708452779684        10.946547332831237     
  -1.0766868025920751       0.21256119583827071       0.98105393400991803     
   6.9850328923613789        15.908579324547645        10.883892380575865     
  -2.5862649329150535       -5.1186805860226228       -2.6386378711665621     
   6.9713396781614758        14.614660199309849        10.491198111003905     
  -1.1057985132798018        2.3596196704450656       0.98846633749580715     
   36.613569519878446        7.7923561246891708       -2.5781297982639653     
   2.2857049541820040       -2.3098217171356752      -0.47423186390382260     
   36.471520041696337        19.015586077590523        16.061489364232436     
   3.9772049246402645E-002  -1.1581159489236992       0.84831798451785279     
   35.127401601987430        16.590732119403484        9.3059264051068329     
  -2.5116767995746709       0.81107701756722894       -4.6478614987808468E-002
   20.444684643069333        12.447767092166256        6.8958560477896755     
  -7.6009698449589713E-002 -0.40904208354935351       -2.5334878831546983     
   19.425018978132719        12.690360682672363        7.5988195263844283     
  -3.4695370502969554        1.0750984865659921       -2.4655487626651000     
   18.264595617397660        17.167246317655600        9.4736282115620476     
   4.6063100168088971      -0.20451706232160302      -0.93862640177643797     
   13.042314931564565        34.035265214137944        10.852362482998130     
   1.9056132590255566       -3.8698816166608445       -2.0919982353507129     
   12.102369519434944        25.035332007239369        23.851455768340159     
 -0.14899444308153320      -0.59781727293942755      -0.36628707282993656     
   15.973665884080885        19.467148353546200        11.243925112406087     
 -0.67820276908354304        9.6233772684451768E-002  -1.2490951443754654     
   39.054135740601232        40.640561643019673        13.218311135214245     
  -1.4362713582902438       0.30260735375571635       -1.7909377541188911     
   32.384739478795481        11.066120904638099        18.713264251856700     
  -1.9288168510905264       0.18069909880229429       -1.6264507757908644     
   28.842197861998038        27.790784265058910        22.959686684540859     
  0.53242858708172047        1.7003922345874236        1.9022668879731364     
   7.9413609667832752        20.535925928250961        2.5926896225365299     
   3.4225012626214681        3.4208103279908566        1.1240163379386106     
   8.1188679321969808        20.337504669291416        2.5771387877699388     
   1.8737078506871361       -1.5828206749946689        1.0641200025621111     
   8.1168482181059396        20.529340028513182        2.9115661577802427     
  0.66738843436343487       0.95925877014526850       -2.1913690145258387     
   31.353599494462763        8.0374642154192166        4.7213202110786705     
 -0.49313472324421154        3.0394998255465904       -1.7696442934956367     
   31.000176987656037        8.3305327963869118        4.7765546265796894     
  0.88601081831555240        2.7059733741732481      -0.99997356628750833     
   31.006602670546229        8.2300127248971489        5.0786243562377003     
   2.1126756937477582       -4.4654500451466745       0.21503730917631003     
   17.425593593526457        19.747724106567237        7.4391643559302114     
  0.93274132943791055       -5.7875367332758998E-002  0.12004000063213004     
   18.350973577268025        26.497127599652220        7.6701377662503241     
  -1.0424798256351375      -0.78733822659505648        2.3837809022787955     
   16.074877936063384        21.848342969919763        4.4926979191169512     
  0.52376072967289278       0.29523248158565396        1.4563890182349588     
   27.305626279691282        14.612513575987267        25.613396523278187     
 -0.55476211170889034       0.56362873327690766        1.4746885581400233     
   28.764094587388790        22.935517065968718        31.574567477134440     
  0.46955348746642883      -0.64657079875375034       -1.1722255500633731     
   23.681851619655454        19.427778671585958        35.453598192971491     
  0.21769653247612997       -1.2793687597547696       -4.0645223090903384     
   24.643890973223645        7.2763968727346819        37.012935463769423     
  -1.4036119268211131       -3.6361855786568373        3.4600718113812001     
   25.184471337637031        6.5210933808597220        37.576982083536713     
   1.1391592996435307      -0.34552919903577783      -0.58771568442433919     
   22.352353240185508        19.847304321266236        18.345092665872713     
  -2.4191221058366432        1.9458092635608453       0.43289590784391563     
   17.986590261663864       -13.627752616607383        29.329428293440888     
  -2.1793616952483759       -1.9884318014021405      -0.70947439291566006     
   17.004643011635547        9.8944535103187192        19.392754554399176     
 -0.81888075624204848      -0.14650531676668277       -1.3370276846657257E-002
   21.946809615991430       -8.6614022469721519      -0.14520575613827072     
  -8.0408504984418538E-002   1.9374767132738082       -1.9103422881073786     
   18.140040109150437        13.279272187233143        17.230182243355852     
  -2.1097514644875455        1.6343209428418648        1.6484395024387650     
   29.619888716612284        14.833226739402908        36.295314926600106     
   2.3005878699227966       0.34937035919647580       -2.6302468217674813     
   13.110921072773861        4.9033801992144967        22.632400809983157     
  0.85731345104143553        1.5347887210939279        1.3587340849331961     
   12.902563963760324        8.8583926711274898        11.802082387381406     
   1.2766110222991602      -0.50954009092157737        2.9852533421736496     
   12.967121010138063        8.9556460641718090        11.679182160160581     
  -1.2824108931692748      -0.93452687800312040       -1.0278206672305603     
   12.726875694413248        9.0007606939461553        12.234980717689998     
   2.4308548319575447      -0.75810538182391130        1.6729576628145408     
   7.8773568814828252        8.6021268839826437        21.895331674655690     
 -0.36044201714382712      -0.71659871683871013      -0.90888882708624430     
  -1.3258389499178775        18.655168858308489        30.521810084503418     
  -3.2577988443654524      -0.19839053198508205       0.13304900067645509     
  -8.5261008179777864        14.430968959941843        34.817478675536137     
   2.6580127869840449      -0.45386621116482545        1.2840691255351331     
   3.6738108571877146        30.308634051492156        27.453222395806435     
   2.4827169089261618      -0.45807509217481179       0.10915336614255232     
 -0.37167028873652619        18.146567081222454        18.897504260230615     
  -1.8895117963501700       0.93447300000630673       -2.9904321638287716     
 -0.35791415110811031        15.219162024067005        26.582611045454307     
  -1.2669731186801276        2.4127090959570161      -0.25707657618517249     
   4.2259976410195437       -1.2286936378860891        37.208668722885811     
   1.6452532703930245       -2.2670397215416327      -0.66554018818844696     
   2.2391769245889863        4.3585657436440437        34.863178982861335     
 -0.99607153091518619       -2.4751489299553557        2.7433138611025001     
   15.631984696227722        3.8786175479459599        34.272650467682617     
  -1.7191719893730331      -0.13417371185683524        3.4108430094683708     
   21.495622619700647        11.060413842286188        33.137336603376056     
 -0.94510371356087930       0.50200346381083083      -0.40662623507102408     
   5.6912385729549984        2.0153229909659665        28.827308289919372     
  -3.4070165647886697        2.9727872222856595       -3.4434528088788849     
   28.035855086880698        3.0576389855765855        42.044431128651041     
  -1.1813544425876819       -2.1354987374690966       -2.2284863109033095     
   25.744879790500406        18.617409807296994        7.4596874491347309     
  -1.3550645610245289        2.0030968457923035      -0.85072724472679340     
   22.507201982803803        22.833138835529414        7.7851274867642903     
   1.0680758714657737        2.5989315437607474        3.6584533603551903     
   10.689147664824535        15.939653923552179       -4.6941512998225106     
  -2.8602252421415368        1.8288734836317990       0.69201490563315193     
   7.1709855977963031        19.049059416939084        8.7747180323038894     
 -0.14523593322189532       -3.8593402405474619        1.3654049013855871     
   15.156646870069663        23.901573911836103        25.070270659536021     
   2.2027648613896096        2.0138719006108432       0.62854243757226169     
   7.4189368201476880        19.348597152305402        9.1577663992023393     
 -0.89836816334158731       -2.6788278756008967        1.6200538688813479     
   14.320175566142797        11.452492302228297        23.778680497157744     
  -1.8864977634994298      -0.30725164751679512       -1.1609923082873379     
   37.739750681797709        5.3714994988956795        23.340345601755427     
   2.0277603549213219        1.1010020727087293      -0.20762950159832139     
   33.071077145427942        1.5587342608107491        22.433128101321302     
  0.64260915908884320      -0.55499482322563043      -0.46718285087080713     
   21.051075122656972        6.6051962713320247        17.893613472600375     
  -2.4860576417635847       0.16990722520109669       -1.6678464963771007     
   8.6837731059094025       0.94181128193564667        36.281838975153953     
   2.4788218069795200        1.1670294097876122        8.5291202886017992E-002
   9.3178760093136557       0.15142691934626862        36.451120958765415     
   1.2194249100731165       0.95922690312179160       0.66359854420129460     
   33.710633987755060        2.5350905976071143       0.17106583317565985     
  -2.6030581519575344      -0.28106875406577092        2.1532042246309713     
   27.821590484163568        21.169561786678965        6.0709177174131836     
 -0.34505967757782141        2.2548612723439918       -1.0937744145111585     
   33.833038782865771        18.095918190112290        6.3475650762451217     
  0.38421315227899955      -0.44365356619438717       -1.5240591563980539     
   17.957733623222538        35.623140452638573        5.5649288537114101     
  0.27499705234820104        1.4860600738068783      -0.65506739928629421     
   16.642920172782926        28.223520501495916        15.471055872093402     
 -0.71250722238486830       -1.1822440444026201        1.4540795122831973     
   17.893947038898336        35.822711727257875        5.7324967193042839     
 -0.61569915467297442       0.91052976954725162        2.4903396175608576     
   33.538060950616639        10.406522080762775        7.7430348270514209     
  -1.5979700100177501      -0.75285161591828009       -2.5150565617707459     
   43.374377414544675        7.7827004591843494        2.5306839958520020     
   1.6121122077433256       -3.4385674069064729      -0.27252870552952152     
   31.942294520176329        21.271788436222263        5.0713566345170014     
  0.91384955125172107       -3.1052039330891565        3.9771914342639438     
   3.8071923573135775        38.377174916995500        10.306690358638489     
  -2.6323028284315746        3.4568565128116981        1.3133376160484602     
   1.9827445797115557        26.382451873479319        25.203329202598489     
   4.1107712266327487       0.52547523892192338      -0.36952516059408741     
   4.2351154111263920        38.734192331948464        10.949562644022677     
  -3.5560944661982585      -0.91703960559762965       0.30501638045101398     
   15.294641561920082        8.8520082564782658        15.363575116609786     
  -1.3408530427142784        1.3570271343645715        1.6736812453774623     
   11.436559883170650        2.8534283249889891        30.732991454234973     
  -1.2538625652666320        1.0473529819545189        1.2892361525452420     
   15.195647438743560        9.6324830076698955        14.915429108208446     
   6.7073813560872816E-002   1.7573123770618326      -0.12416351926052438     
   36.237836594800761        12.453985345923760        8.4988558441042361     
 -0.52793223680400991       0.60265568062277641       -1.0225556023707176     
   23.371058910490859        11.222884308085272        5.3748202851935503     
   2.8218392737359581       -3.5471091851561813        5.7744113523713638     
   29.412551848884082        22.717490375539501        9.5476407436984427     
   3.3340470930085067        3.9035472114050576       0.97805946017250756     
   4.6710769126329144        11.524664019806963        11.835631589896872     
   3.7218450303738564       0.64102322550632307        1.2127008201104301     
   3.2695686037021323        23.224862263452550        4.5960248413803413     
 -0.28957129496448275       0.95789718322175443       -2.3905557862674072     
  -3.9498103762474668        17.988684037009762        10.585362390933346     
 -0.66639792164868761      -0.22260677503043014      -0.12368740726680814     
   11.125740484323153        10.919898399690654        14.796557399293873     
  0.45543061235133458       -1.9686681102653520       0.22002952228357683     
   5.0854121975563418        18.162152117699637        25.450913929204656     
   2.4568633403875553       -1.0700850868690872       -1.3914679179662854     
   11.215900772938616        11.365846692748864        14.749578648074175     
 -0.66570359253422173        1.1414208060477149       -1.0093061907548608     
   15.132521453351583        12.779369599407572        6.3942238000833767     
  0.33697706358819163       -7.4251906331485151E-002  -1.9426501418114654     
   14.650235883772458        13.060553222439367        6.2133124958687569     
  -1.5942928056925831        1.4784108976141195       -2.5878305151258649     
   15.052194926179036        13.262631576976288        6.1577687639951417     
  0.73629682549835984       -6.3336871089830993E-002  -1.8726692258518851     
   24.425960240957849        12.813719240694088        12.389283580703712     
 -0.16705172344733407       0.61341596237225759      -0.20970432642663314     
   24.809954792373215        12.838514767765288        12.025768630841311     
  -1.1745989396157854       -2.2280103319526683       -1.5818902982276410     
   24.476221960526093        12.376742335832157        11.911028565182956     
 -0.57886499553385184        7.9650191870446085E-002  -2.6002903249250169     
   15.589082249341311        10.416700145014184        9.2109730742410179     
   2.3128450989899858        2.6135578642238304        1.7824942340567307E-002
   15.262429081031351        10.837602774989657        9.4061777705629019     
   2.5304278543638263       -3.6986963085899287        1.9890430345366878     
   15.105528034429341        10.261182054874316        9.0244105903012013     
  0.71021196141781662       0.72054062785547146      -0.21784557894384945     
   15.326241059506609        32.948540565399448        5.0657496599255447     
 -0.55511475890953732        2.9343177094439299        1.1678137373830546     
   25.257526723043810        34.782410529061742        7.1789741742716924     
  0.59577496175763422      -0.18698371250124968       -8.1706955330139497E-002
   15.059477918707588        33.038022139270893        5.2150103144923614     
 -0.87207910236901476       -7.5715907445005545E-002  -6.0853439531687252E-002
   15.610405727595978        26.929701788652480        9.6779495440353038     
   1.0922739452654018       0.14967904208806890      -0.95563066598865598     
   32.963962594050173        28.731277503485668        16.388962575971988     
  -2.0175338267160767       -1.4591496914321982      -0.61872426901896427     
   29.596160108295734        30.772122979691428        8.2329990434570668     
  0.76267407573734791       -1.1699680979085572        1.0332165874052071     
   31.847898323954411        27.298825576252128        32.021670634981078     
 -0.33161989211238740        1.3364028649571347       -1.2678613381331529     
   31.711597839759499        27.169909060063041        31.975183611832200     
  -1.0905275879764889       -2.2520100884304406       0.70899936224391258     
   31.529332522368321        26.962512115992080        31.893524496924861     
  -1.6815459379524640       0.89297170853872521       -2.3545969930157562     
   42.633814800492296       0.42744808814852664        21.251069640739274     
  0.27258899235074985      -0.96779434223195671       0.39874777211917789     
   31.010471663555549       -3.4727284292264065        35.219355765807478     
   1.5905588617782287       0.71378860376860520        5.2698928882083678     
   16.846633855993609        2.0010734420670899        30.868815112448676     
 -0.94473932492065427       -1.4010524917934886       0.60452925004781788     
   23.982740974244386        23.753967510010241        17.682890300469182     
   1.0990531275482862       -1.4611333476918835      -0.52047355259171657     
   16.718304594433278        16.073148920559465        13.377764047401264     
  -2.8962769347210533       -1.2260080372543809       -1.3477768223036026     
   1.7696488613141252        22.719676572424024        16.700241440514247     
  -2.4969335570467086       -1.1961552331135241       0.34586190899307456     
   30.200987898401856        24.950979778610925        6.9686477501068884     
  -1.7167393058110492      -0.62998407947796453        3.9730869452265751     
   32.399847855624522        23.144243032528077        7.8399238331924188     
  -5.6417175305213929       0.85280845515772186        2.7025586242124335     
   18.844938607203272        32.987384971347701        2.9872256889188398     
   4.6515768355738247       -2.2472950653603276       -2.6166212371782196     
   14.472660892839746        5.7591788855662784        41.932960805669907     
  0.55936330564513959        2.4927637388692960        1.2944521312278330     
   9.7877232571840089        5.8996785553869762        31.056133230103033     
  -1.0607577928407250       -2.1536265784735198       -2.6645173721682616     
   20.300862024963127        20.015597265891305        9.7780103460810448     
   2.1921407019612760        1.4987809342278671       -1.1729453233701592     
   10.323727247143564       0.49278074487848794        8.4274711990443709     
  0.38006048514350088        2.8573799949050489       -2.2096194253914452     
   10.697451291381087       0.70820968079101465        8.2490907685630646     
   2.4513582843979957       0.44404711462585494       -5.4926352967756935E-002
   8.6741201550274845        13.779290770196864        1.6203418146890509     
 -0.85197391502924469      -0.30650594703934914        1.7318610333456845     
   12.083926188278598        30.537844186288300        30.164834799025865     
   4.1177526956442390E-002  -2.9597368560367769        1.0840035532760484     
   10.574479931634242        23.793298299423373        13.299459038205358     
   1.8752908344596044       -1.1611256716218750       0.64527237959414541     
   11.870218217282517        30.868588845866803        29.777210618250660     
   1.0935136175100524       0.93663353797599846       -3.4267093144301901     
   21.374345828822197        6.4961127594189803        8.3372832678128521     
  0.91591560567301211      -0.64374733072363954       0.22773932962330332     
   26.268773257186229        12.880479612376861        6.2843908804494406     
 -0.19735187341884861        2.1847973348419609       0.66409516039604699     
   22.087238051957247        5.9674380138432737        7.7680204769188439     
 -0.87929916879698000       0.49261136366834113      -0.50997019787445441     
   12.008672634413863        20.907439301300375        3.1612003069933623     
 -0.21043733539366513       -1.0001038566025244       -3.2909113188381038     
   11.774834702109267        20.837931591907846        3.3106651006237793     
  0.83595490041775011        2.2175439381919109       -1.8297046751714727     
   11.979841489325329        20.954199199498323        3.2863471863382800     
   1.5620267327132842E-002   2.7532144680187254        1.0757043592946396     
   8.1501991747653797        15.686303724762684        6.5712304865558728     
   1.8982288598202279       0.58738869694124218       -2.6422677450395224     
   8.3165831931017244        15.921535555716400        6.4217021266461707     
   1.1020849785749827      -0.91416769039974322       -1.7717583940601074     
   7.7347609440360658        15.899837039469485        6.9740041795785039     
 -0.92955932571541111      -0.12457803670215183       0.44989665773225285     
   21.151246602811050        10.312228638334972        19.138137428490779     
 -0.19680488120622286       -1.0968421196977935       -2.8013802750787482     
   6.4337672681696185        21.278768423316798        27.667316496416294     
 -0.64156036693295782       -1.2530427280506433        2.8071537799866526     
   6.4050185400015849        21.209646598715924        27.158739026062523     
  -2.5296446299376583        2.6064971438376632        1.1454407161681914     
   4.9927220360557456       -1.5142228374721332        30.892593562451513     
  0.67280934368567591        2.7781307793078658       0.77016722771823076     
   5.6931377018805689       -1.2793912923844151        30.957300409989042     
  -8.9928025534382283E-002   3.4760634852690302       -3.4162953394820907     
   5.5120969917054614      -0.89642613836268559        30.817361106839552     
 -0.34938255324100598       0.45002725791025205       -3.3279081224434250     
   2.6571900213352104        5.3535437410670887        14.205634170286649     
  0.74654800495763729      -0.25834339375366100       -1.1204133928594520     
 -0.54952641626583132        13.082217177885425        23.764084705495712     
 -0.57073516881363806       0.35701792333292076       0.85959617036072744     
   2.9369803067137568        4.7540112185712271        14.964898836787414     
   4.1448291639596766       -1.9273889264089303       0.40957727661794413     
   11.592455598014411        29.846368280090388        33.769041793679307     
   2.0321681972503418        3.8807698955177212        2.3396400669621391     
   10.986630842404622        30.173898089206077        34.013292007887529     
   1.7978123630325809      -0.41126295794273382        1.4105765687173875     
   11.180040032471368        29.871516962641060        33.708152025170321     
   2.2714620401763601      -0.96466206905343588      -0.89151460347173417     
   26.849581152674560        11.255744164945055        9.3485970083595795     
   3.0734780194469655       -3.1239271441087815       -1.0092585055875665     
   26.976076392998799        11.130493958384683        9.4023842004423219     
 -0.88711924282380394       0.48824316546058244        1.6580206572302103     
   27.127242356326093        11.010579975876993        9.7141928186017594     
   1.8947040735540486       0.62040657400207333       -2.0495734549280606     
   4.4725157829311728        28.577892013408615       -7.2768984794258111     
  -4.0208534367388686E-002 -0.79833606882010333       0.53604082438808653     
   6.0951377164733369        26.860279091094586       0.35205426248492988     
  -1.0275135072071886       0.88250472218838572        1.7388823916512339     
   5.8830921935987632        26.970894908680112       0.24685694471035627     
 -0.22140151095075974       -1.7451361296021135      -0.52440114405095595     
   33.230423567084401        13.441948320167647        9.6586703617440151     
  0.47430508506188129       0.80088335928844967        3.5898706873020036     
   32.865190207473617        13.991690931105698        9.0940695543328740     
  -1.0293406585866538       -1.6715790447615100       -1.7047682992635786     
   33.204833795106460        13.302946832110157        9.3935979871778841     
  -4.2877004696621139E-002 -0.21815021568513168        1.3056462723861195     
   26.150847268547363        5.6259751962058688        12.621439803824378     
  0.46856645183244572       0.96108908746142474       -3.2639900844290701     
   26.078373383856416        5.3298864855530752        13.173472840144923     
   1.9309866843315950       -1.0975240148221543       0.39658844610911892     
   26.780742546272215        5.6894460615543991        12.704712256680011     
  0.55746135598920454      -0.25576095020378969      -0.30803787090856682     
   30.318498488217937        13.559222154329715        15.145485792657354     
  0.21298918148844723        2.7933497978390562        2.5001022039922725     
   30.063636067432565        13.588170660692299        14.973042427312560     
   2.3123217545236723       0.15715208589157814      -0.89470603203102794     
   30.221513539044533        13.759374261781822        14.978865826777241     
  -1.5623687084823095      -0.26960756707253952      -0.92606055821656130     
   12.511988414126117        7.4388803035844271        17.333951382924759     
 -0.22500117497157890       -1.7446521800230390       -1.0665814227345658     
   3.0626130586284606        13.341445030028378        16.611052387436377     
   1.0804639345534541       -2.0218700489648236      -0.28563365813902503     
   3.7155570002146852        12.738953346251957        16.742286519470436     
  -2.8826645383149234        3.0819239574923980      -0.50955828493958910     
   28.108794455921089        27.306350251334234        1.8620784870405616     
  -4.9671124535950018E-002  0.61938703119036143       -2.8965589883825538     
   27.480408858353631        26.810735907506633        2.5278357612503721     
   8.6502219081672202E-002  0.78131828271546466        2.7256328484624817     
   35.458525436888998        20.355971927856171        8.8447858726733735     
  0.25055716291871821       -3.0224458490612198       0.10398485354668263     
 -0.57242837030147531        28.347806718255615        28.308767438923635     
   1.0441036227216141      -0.67269217554371163       0.52900094148436949     
 -0.25715551054831848        28.071539113212889        27.629678284076203     
   1.1774582121675796        1.7942853529580409       0.31318125100970245     
   18.348192072527130        37.690678280316668        15.898369129922175     
  0.21344077751340171      -0.79841039604110253      -0.95867566397026016     
   27.417896451374894        9.3218656077215218        6.2374278269829428     
 -0.91581561840134185        1.3412502623826434       -9.4615847274390485E-002
   27.345230678632259        9.4040741034498456        6.2435857327365820     
 -0.40631609636764260       0.45537128318435632       -1.8512795819752883     
   27.577548821698802        9.2307128204688667        6.0118264528695766     
 -0.65411079846351983       -1.9192160570030841       -2.0729361372218578     
   16.887651416589801        8.0760169549879937        12.046987739251408     
  -1.0751223350248071       -5.0747986179217275E-002  0.40773739124286867     
   16.768036213896568        7.9761445440762770        12.123769151546277     
  -1.9541000680664455        1.4978310583487704       0.11499878925001206     
   16.825123491563954        8.1455314509235226        12.286085439628295     
  0.58023064140172720      -0.89332651605169022      -0.45533456853640519     
   22.342446766325121        13.632812763797943        17.986529706958677     
  0.25018582972416764       -3.2320985196292589      -0.26611027161618961     
   14.342121423618492        22.383935297495988        12.126968339873208     
   2.1321986433448528       0.58564075379151825       -3.0807105012571809     
   14.656636726438808        27.227861025558891        34.430232224972968     
 -0.36344696507503821      -0.94448293896434632       0.39002380604119269     
   8.8320731469668292       0.63898686297656448        32.147764263998496     
 -0.14047937890713855      -0.82377002934755972       0.55517038296314103     
   8.4058977554898853       0.89961370794807860        32.499213139701958     
  -1.0461447287421131       -2.1494768038556313        1.3528875488325622     
   8.1881329046359230        1.2256351798388359        32.757611214758370     
  -2.4266529905342504       0.45972654491880510      -0.75355222244612108     
   14.299284397237058        17.277738639616075        9.1770892055072970     
  0.36087560812503439       0.24442417573435746       -5.8677790434043857E-002
   10.438692158724006        15.946060260458623      -0.33544473215605847     
  0.47086039881203584       -1.6743915359539061       -2.0983825223139903     
   12.078102301234834        17.970046950200913        16.021104223943684     
  -2.1985375500019249        1.9060479563797845        1.0880382689988504     
   12.270867080385395        22.501659129303793        6.4381613616870803     
  -1.1333344884016419       -1.5286933545982591      -0.61147779717574113     
   12.127686531844535        22.548346845411825        6.7397541591559982     
  -1.9547088028195370        1.3505065883223575        1.4493318930266479     
   12.371665236282531        22.678580475988781        6.4776562795442016     
  -1.2104111870154868      -0.62289672800749174      -0.12000091950955009     
   10.357330250299901        23.435433017964652        32.013067004427199     
  0.79897267414625317        2.6705706901014099      -0.69247481250693843     
   16.872271690887235        25.051579467791647        35.451666359460695     
   1.8963096277692533        1.3362690346609378       -1.9528305679062203     
   10.450159494798902        23.537518961337181        32.134704041204330     
   1.9130933606285325       -4.4545338238284105E-002 -0.87597008933595777     
   9.3350265865097146        26.454066536657649        34.160033057288693     
 -0.19093618454909900      -0.43276999979544967       0.59667872828165602     
   9.2551597254013682        26.652195461713607        33.876446060680173     
   1.7082906200496204       -2.0188927201689935      -0.22736491801310477     
   9.3798653213999454        26.530914289491800        34.121122335473778     
   1.6353336924311603       -1.5446874231496723      -0.83426967013203290     
   10.829600083091798        19.514376751055085        5.8261480732632043E-003
 -0.82387789107081777        4.1856096251742407      -0.36556660671845381     
   15.512871331935520        13.613977658861966        2.3313658165412736     
  0.53472997548181178       0.78078229896091378        2.2940108200688014     
   10.918092694348738        19.390285467582242       0.18840549584659000     
 -0.62943270141766361       0.26081175836330828      -0.55484762511082675     
   24.794644614773780        21.372659238250598        10.493644670186086     
  -2.4823704453544035        1.4480450289715039       -2.2754394233922617     
   13.873913535210919        21.773272800905236        31.688822603334081     
  0.84075295866116440        1.6507656465971796       0.56564335316023806     
   28.775345093865276        13.810568219037968        21.843091018515008     
   2.9760836248011739       -1.2237504446234189        2.3008938784181461     
   30.378754647145417        3.5187731142908811        35.366766900475895     
   1.5208430313778787       -1.3577614399268445       -1.7175298993059609     
   29.095996750506469        9.5917189411572092        30.437029130517459     
   3.1014973101402448       -2.4318011203035912       -2.2748947455529445     
   30.355663537239536        3.5413322458754211        35.392116524911309     
   2.1539169681858144       0.70766542154252765       -1.6562924078759940     
 -0.57223469969283547        18.710307374699724        35.068505434522692     
   1.8610615200614382       0.57173250102358342      -0.91792914613284537     
   2.3995111003393879        22.889887635238903        27.545841097962143     
  0.67417042463176957       0.56001081618200765      -0.62583924716880324     
   2.4889049230453386        23.181138355409789        27.507395691881033     
   2.8347677620813756      -0.20352811446483507       -2.1608199526884047     
   16.900580732296572        3.7197625425453529        12.095974830736784     
  -2.4627159863259673        3.2442640723526557        2.7780615606267705     
   17.657745724236744        4.6013965126668159        12.453134281383155     
  0.68166627670546398       -2.7581235136626909        2.2772927840252564     
   16.709323665952667        4.0226974952722321        12.520511383268799     
  -2.9084415196169719       -2.4983637779382093       -2.5310491895143903     
   9.7859885956176651        11.240120995426153        11.188833754970137     
  0.86548576536403898      -0.23082871538228319      -0.81278152931785952     
   9.6792918882750474        10.808617574696338        11.046712745356359     
   3.5150366957992403      -0.67189514304628861        3.2013297721928402E-002
   9.7583240859676383        10.978337889428904        11.367663308805467     
 -0.11723109844536594       -8.5982046459614159E-002  0.31932404168154138     
   13.614765642624311        17.281230891498332        3.1737358374106086     
  0.34823728140047971      -0.37043143099091846        1.0037954139385983     
   13.123396295842115        17.578639547712527        3.0115921088498956     
  -6.2229718901790292E-002  0.94373978283797721        2.7408554798870699     
   13.315419556986852        17.142961995376282        2.8760410668968226     
   2.9102316474341148       0.92183396752928837        1.3630318296300445     
  0.76634611531169650        8.5803499574210740        11.906074114315109     
   3.6894921417077775      -0.10243117523674049        1.6499613742196464     
   1.2318270906067559        9.0412760761017790        11.613142971711769     
   1.0010223213796241        3.7142793860545060        1.4752577823086745     
   1.2046893582100764        8.7917693470403595        11.937620161891136     
  0.20329683046345509       -1.3222289776888605       -2.7645813505042831     
   10.064582706742579        16.611963669125707        9.5254047572105325     
   3.1006388479268150       -3.0344029488644422       -2.0531409481066389     
   10.371023007561297        17.074083885210680        9.5868709838977200     
 -0.47545065016255533        2.2586644598388750      -0.11464120889076344     
   10.284287158665528        16.724820571267195        9.1952672881894806     
 -0.24300497435455648       0.86371286750155907      -0.65610911282269679     
 -0.73029318261912546        6.1585218006423430        14.757015383520114     
  -2.2161866456576336      -0.91538071146116617       -2.1373952341196030     
   4.9615472564745824        4.8422420990117452        19.621468133840271     
   2.3595994828070253        3.0866612423788977        1.8345918180132963     
   7.5579446533125836        4.0500918584344783        4.1802272022679539     
   2.1304892976054597       0.69878226697870660       -4.4825678057893894     
   21.557563492606615        4.9942691848479708        4.0589948626019687     
  -2.0432166359495270       0.58435377548911094        3.4636304600397918     
   13.173885897067603        4.3784566048494709        6.8244945409275850     
   3.7022209479942636        1.6938242851280034        1.4968112785637897     
   20.695136071580492        2.3679411182250387       -1.5745525779562521     
  -2.7895519175017882       -2.9919936911314018       -2.2658081852203984     
   6.6381911799555704        21.544596225341806        6.0364685719365472     
  0.26292387104943532        2.0256345805924854       -1.2565671288084310     
   6.5044813266837487        21.796118767866457        6.5280297546415813     
   2.1126536599265942        1.3929354525338671      -0.22317031289643180     
   6.6586076275649670        21.854222130040494        6.5353586615488668     
   1.1495279697130460       0.37612988731994013      -0.98140341455856406     
   11.688766656627283        2.7542510227478756        35.841488935312171     
 -0.12821116170103763        2.0463694673306954      -0.10018240308382875     
   11.211591862870446        3.4832700758657795        35.309069551083596     
   4.0036790077774436      -0.78886998163558086        2.7195261739319201     
   18.282837803444043       -16.082430568111949        20.148011517635073     
   1.3221091575072041       -2.9047884586312351       0.20904919582424128     
  -3.2599725222281934        16.656826198349123        17.559241901483436     
 -0.51792041134698152      -0.90359939784335919        2.2489730010780891     
   11.818884358300130        30.130154340882886        12.314791574101738     
 -0.96265602531277228        2.4918384365283481        1.8300650965316358     
   4.7452714213796963        17.990519443357243        20.187903284734727     
  -1.2218702217172150        1.6744126400641488       0.65145992563595834     
   4.9559129787458742        1.3769282033618637        34.905721781071023     
   1.3323514978691031      -0.61097594228221597       -2.6630042190319849     
  -1.6037708905043362       -7.3632455296818380        26.635076950959341     
  0.13036570164412575       -3.2408531427886245      -0.32186337044880631     
   4.7356401228746270       0.84804188551256832        34.169566510495166     
   3.7688190956355476       -1.3697393390270070      -0.95642902217585579     
   3.8868033702288001        27.744221430809567        12.005078361943267     
 -0.27227209545329900        1.2129997685632286       0.63731380825877937     
   6.6571902409142067        32.496562751886870        7.7281342113889133     
 -0.63165283842514008       0.54099895657572938        3.3048138754540957     
  0.99662628888479110        33.031441754828116        12.634052064317871     
  -1.8904436871647192       -2.4446825008371031       -1.4859520190190327     
   3.2291308112055197        19.895802511350677       -1.8248894148232107     
   1.0128425380732886        1.2237960351795678      -0.41009319891874402     
   3.9706916601305369        20.077983719906094       -1.6008399029169480     
  -3.0041095679839658        3.2544688726192619        1.1982951207283397     
   3.6909243571917778        20.100124951110732       -1.8011962613495049     
  -1.6058883828148161      -0.79763854719310689        3.4709309239570536     
   25.165571418326586        15.692571260298665        9.8383087601523211     
  -1.1802483896167628       -1.5019149443591959        1.6545923500229172     
   35.417594291729202        15.441030854345824        12.777237454058982     
 -0.99042413903725990      -0.69451367906808570        3.1860416531187763E-002
   25.653407010926607        15.419677346752005        9.1909182328277943     
  0.23866486248430396        1.1388102067966874       0.40446115125705212     
   34.612000610780974        25.274600875393936        33.412828155679371     
   1.3124631652358369        3.0451442262997470      -0.45009532039822497     
   34.511025689699139        25.170956927554958        33.454578880426979     
  -1.0931127332995763        1.3098461568839412       0.49173735498622673     
   34.493784485805520        25.299333346678434        33.262858652648248     
 -0.30627787700187475        2.1077185844420541        2.7438311561020847     
   4.4608485263385553        21.065694113521896        1.9663506964045241     
  0.83421436935971505      -0.55851290686923383        1.0182129497949484     
   4.3945413546159617        21.050755612088746        2.0966745662537427     
  0.78936410420053704       -1.9085056563673946       -1.2250498739294216     
   4.4938900724716273        21.269117677112462        2.0313906007629754     
   2.3187379605056870       -1.3885070741148973        1.7700743045817575     
   30.452366851417668        24.756480931268705        34.464834609226607     
   1.1486590562583530       -2.2285352102449685      -0.24035431747633759     
   30.993170825744425        24.289904030083640        34.212347080904081     
   2.6141221325236716        2.9948756757087405        1.1456350383997234     
   30.849046695975545        24.709493770494930        34.527272153878705     
   1.5224674569332886        1.7555966815092976        1.6367114547269339     
   7.1365432172200567        17.495260253251587        28.280327585195245     
  -2.0772314970024239       -2.3664763372104356       -7.5015005951038827E-002
   14.201662700013188        16.287374821517602        25.817697604315928     
  -1.8281276923444414       -2.0686236981144175        2.4297694599517916     
   7.4838273023887751        17.902852609052328        28.507807742351069     
  -1.5353103044732441       -1.0198499685273834       -5.4276594308286148     
   2.7340288353655842        11.576705383065374        3.6654993295971838     
 -0.43352786678858901       -1.9295408849135172       0.45809024388763603     
  0.66809958395481495        11.805125254860686        2.8820535682280415     
  -1.3533050733581498        3.6320325610055320      -0.58605790866163965     
   3.8719484088323393        2.9168333192766331        9.8272345797400895     
  -5.2932537161710007       0.34041393385958518       0.66175898061432048     
   4.5392954745342804        23.584787068268408        30.567840451424754     
 -0.65210150121457988       0.31477232276479028       0.60015024007061291     
   4.4512765164234942        23.700485103537098        30.543912713777402     
  -5.8958731507392940E-002   2.3112302647141596        1.2268496579478771     
   4.4147209660022835        23.717709255501362        30.497636742552043     
  -1.8454978146437484       0.70863965710612009        1.8417511343009658     
   31.681202881429279        14.706001019208909        18.874930253513568     
  -2.2501954380618834       -1.8629053825386273        1.4144445359671700     
   25.844818220225324        30.255794965324977        32.513192552861135     
  -6.5436605058890818E-002  -3.2319067603247151      -0.54523307196432436     
   30.229373273161368        22.595715456119866        14.102448769414261     
   2.6322844190542125       -1.0915640211468589       0.93943088356383209     
   26.021351640667810        23.413550779131246        34.651826006987577     
   1.1376356406430528        2.6892601912004461        1.6430789958681602     
   29.126548042003957        17.708125669667403        14.244175358214505     
  -1.8227284389753557       0.14520294503540618       0.69178739730546246     
   30.893437436490782        18.898236713354251        14.692321644844354     
 -0.83397069017829439      -0.72907036435919825      -0.20028130204538727     
   18.088333578249827        5.8685584447571619        9.1623313083932718     
   3.8848754905220675      -0.10364641107710369        2.3033876855201845     
   17.730574953832654        5.8401611235639059        9.2726117078269699     
   3.6705566286493678E-002 -0.81192898586284057        2.4228731640502699     
   17.629597310622501        5.4949648923089498        8.8612250337170302     
   2.8343361765924100        2.2490442340215644       0.25583432667958361     
   34.653129990894563        29.110809540244336        34.108329768827424     
  0.82452085022222787      -0.14855501372221799       0.78869696110168874     
   34.720933047582271        28.966064829617963        33.853594099646628     
  -1.0618998670219431        1.2265265555159677        2.9214180747302185     
   34.398846683659499        28.668713471530168        34.156253628794715     
   2.6292203961584679      -0.27344305682765846        2.4915454595895015     
   6.8837811388449790       -1.9243136560429928        34.238813137323255     
  -3.9193048093053191        1.5989045170785290       0.37909413543656667     
   6.8908650224854222       -1.7496594874779654        34.382496043324949     
 -0.20234582051555314        1.6469334874610122       0.67397144454510638     
   7.2616883712408189       -2.0118169782490662        34.106937308403033     
   1.2418894081888474       0.84979978256973054        1.5853738769693184     
  -3.5118839170143481        10.656151559254372        17.477888025792193     
  -2.5409633459075760      -0.73644906827649781       0.94129878035646530     
   1.8440976068509971        18.518259539362013        26.837387802111664     
 -0.43250348784562459       -4.4152907064830647       -1.2035377460373831     
  -3.5995856935500425        11.058934260450544        17.776497278404200     
  -1.4938410192626448      -0.73288461224226609       -1.0913127643987197     
   16.100468820664201        29.446289388327003        38.914863541311732     
   2.9615390250737721        2.9637788651647874        1.6051621130697660     
   15.969509138463788        29.382326002170526        38.437699474604663     
  -3.6894281269175946        1.9013519431250294      -0.24887813985982851     
   15.601788444605186        29.813168273187159        38.991705179448658     
   1.2686633115404748       -1.6352984878835204        3.5935019591183721     
  0.29372534626922470        3.1892146352197570        9.1492396872702262     
   3.6358585682121602       -1.1644594936362007       0.35740653812025347     
   6.0880272051958020        8.7210041431785026        4.4421204332828745     
  -1.9733364017993398       -3.0138088086577954       -4.6911809679748451E-002
   14.020968863429781        5.9496089573024982        14.080781674161356     
  0.72589004521953404       0.45097834270543541        1.6911602339296510     
   12.238613165464734       -11.369968792321616        9.6489951364459685     
  -3.8772230606551137      -0.74316913536880325      -0.15997199395008055     
   12.154739947755468       -10.829186315415930        9.9244899622650351     
 -0.60244011778756290        1.2901046971652406        1.6178744566697612     
   11.869840524261352       -11.575053202477690        9.7910050466962524     
  0.20754728665349331      -0.96341515881164741      -0.28289837996116440     
   24.504349694121764        10.578347619372995        16.287555135363601     
  -1.0250220878450025        1.4930206821152168       0.25131433598505204     
   24.087966343417484        10.933410705502757        15.858681445307113     
  0.78713131751657128       -1.6712157243090222       -1.4075636986631956     
   28.528772725618385        10.723633430747903        33.816672974410672     
   1.4178726964974000       -1.3276877730908956      -0.63087815378118650     
   41.553309606104548        11.438253365528501        5.1132144235879284     
 -0.65714559492448410       -2.7278368924359753       -3.0505192222719866     
   29.040788477036443        5.3374221166737374        7.3989800269323673     
  -1.7202978368977095        1.3965573744530471       -1.9112911660459453     
   28.430521612626098        5.3912518615573326        6.9801337524846430     
   1.0437510694848480       -2.6885141012274025       -1.4797964394377887     
   8.9857716092061111       -3.3766606009325764        37.233566360769075     
 -0.11280222435426934        4.1022819138078823       0.21440551337699398     
   9.1037666250741118       -3.5684299257439531        37.154761250609390     
  0.12058390922074869      -0.35353933491961514       -3.9045774322612861     
   8.9026905318510998       -3.2448833040444649        37.452961092760049     
  0.11080854946039841        1.1047629068998421E-003   1.7015529564079037     
   9.9511029712157590        19.817625818427544        6.2518429029762634     
  -1.6245546009156069       -1.8233223334240911       -1.1069506647723739     
   9.9601794780600343        19.078207817832912        6.3875023204454751     
  -1.7986189181483565        2.1825603828879712       -3.1180219308256123     
   10.527376216709571        19.058201170173806        6.3069766472472386     
   1.4132333358149316        1.0860949418457229       0.53391918182700049     
   39.615096280963442        6.3721106186323642        17.336157113248898     
   2.8366596557639507       -2.8324379493514935        1.6935968704783089     
   25.272002816101050        7.7601386373969730        18.679069482134430     
   1.1196068275978550       -2.9254777993384415       -1.1434539754087523     
   22.267331769287676        7.2422735084076937        32.364340769312122     
  -1.7827507448988864      -0.11229629386180461       0.36621911264343021     
   15.339120875205889        30.738723373741990        11.284517730502801     
  -1.9196503344541531       -1.1759071230970486      -0.71067810620618832     
   9.8320984400068951        35.174914107276706        14.437216138367678     
   3.6733101056847932        1.2302753703294780       0.88703748377536784     
   6.6173100511881957        15.224328031973020        17.630946963063611     
  -1.8401781702390883       -1.2863906973313042        1.5036501185165285     
   3.2385015262865791        16.589270674104959        29.723131856456192     
  0.59943003344319667        1.3284295847103069       0.22532564221486592     
  -8.4837444428906339E-002   18.925228085341370        41.757069350055701     
  -1.5777468281814298       -1.2720674845459505       0.70263025456575789     
   5.7071559712983566        3.6155763376362620        32.253993486935983     
  -1.5138543904701907      -0.41422704365832708       -1.2328784124057206     
   21.177609974800021        10.567149908173484        11.959422496550934     
  0.79297170405196593        1.9469297488227904       -1.2086429971848085     
   21.960573801234691       0.93428712812640735        11.641712093404152     
  -1.9304897460684312       0.57459364780687050       0.62393429094706565     
   25.973988531628752        3.7746111821138655        16.244666794519169     
  -2.2284978076176025       -1.7599273090418196E-002 -0.77892891974860601     
   15.970394457586075        33.677860969908942        8.6668400679885025     
   2.3130223271727584        3.1475866221252637        8.0958170472019697E-002
   26.448745276964704        31.334944611672469        7.0411142682879788     
  -1.4312116911892743       -3.8560529728324608        2.1129958623580567     
   16.300972780678446        33.459535954987338        9.1126322731993419     
  -1.7304794086728399       0.38143419207834389       -1.4358303416065326     
   6.8248449417785526        23.866937620246890        33.700717649394846     
  0.36471709534419000      -0.69136201815457365       -2.2078270634426729     
   6.6638832087797715        23.947143943425111        33.443816293599568     
  -3.0499819523984528      -0.23147728561442338       -2.7154699844759480     
   6.7276370134109715        23.864721599737834        33.571912554461257     
 -0.65000406004161626       -1.7210367976206795       -2.8039237240346373     
   7.0297097069479699        9.1310696356317678        9.1625943791308000     
 -0.64140701808683265        1.2121625069451805        2.1814956695628385     
   10.126257163508042        14.835211725837851        12.467757328889732     
   1.3755852058374707E-003   2.6953906180278242        1.1460425981744171     
   10.381061550490028        15.025399772859613        12.830449806779658     
  -1.4192398372029655      -0.28397437918112756      -0.16669646482528533     
   25.293244736100938        14.735121585480291        15.507715772135670     
  0.47194562603549234       0.66775886242678706        1.1339256414834862     
   25.155436567240280        14.488705817099094        16.004617766042589     
   1.3389497942808810       0.22273802993626157       0.76374369835954259     
   25.981395504582867        7.3962020932259636        31.000902204172455     
  0.81108667592023698        4.0498510245168373E-002  0.75732438495250376     
   12.866820479894566       -13.988028392579695        12.351821764643724     
  0.46467626109657212      -0.62387095223628020        2.3642602086754643     
   18.009817184700786       -13.900299243196747        24.845582293997012     
   9.7598452634434230E-002  -2.3677196406804226       0.67293106714855155     
   13.009152334547913       -3.7216171966513354        28.141553923747718     
  0.83046058678737622       0.84480642348450263      -0.45498084412616130     
   19.451930014289822        28.693201679444051        36.182998234441222     
   4.0382147299125926E-002  0.40597147210689671      -0.26803635432790385     
   38.772309884923189        24.240568862970285        44.660734914661788     
   1.2833658509395418      -0.56927049334196100       0.64879019479756250     
   19.931072234835248        16.769562062192755        36.613808750056307     
  -2.7994214976060432       0.77694317298145221       0.75901360173786703     
   11.922522745155119        28.800510898318155        9.0011691722759188     
  -1.9892375568078280      -0.63522778911280087       0.15055085508138974     
   12.156532201138150        28.518975963181290        9.1540208739909392     
   1.1304227307291685        1.9067284448448940       -1.2364192076858982     
   11.927628755914760        28.557779694235634        8.8592864157153350     
   5.4580538334079158E-002  0.27918721616024911       -2.2298850923660760     
   6.3139883957004850        32.229556171835341        12.166354517219046     
 -0.96296883605893713      -0.53913483833722164       -1.3177586871134845     
   7.1867247908746599        25.380777452885962        7.4835182947927477     
 -0.45417718064034140        1.7501132794603704      -0.58174474839875134     
   9.1157809212180254        35.573835496534379        7.5231630986865943     
   2.2153048269533180       -1.2723664734122977       -1.5845532084210296     
   38.505248995846181        4.9363006698800431       -4.5273802054667387     
   1.6516996700905520       0.24504363945753443       -1.0521446742557794     
   32.711309206863689       0.31974632319542590        4.3917896456927474     
  0.94083053615209922       -2.8223323241555169      -0.21135211496343193     
   32.486660228447683        9.5652416286197500E-002   3.2731923008555848     
   3.0843379087548639       -1.3949930241955248      -0.48670419044034730     
   8.7485376030675379        8.3905750920275786       -3.6210747026654362     
  -2.5862166900933015       -2.0123202858408518       0.46332714427589161     
  0.99966567423055019        22.081832362391502       0.45554760699772884     
  -1.6539957715392926        1.7661841691905964        1.4477138148442754     
   1.3409111122917701        22.110038712836634       0.51338883510909294     
 -0.30247782920429994        1.0082068099309867        1.6386350882123473     
   14.529864953072599        7.7188355316314823       -1.0612025755865158     
   1.4735320436841437       -2.3207662278657732       0.15425490764227734     
   7.8367810118197054       -1.9939307403278004        9.3241325754968436     
 -0.82539599214973003      -0.16475899178516076      -0.60277024901776599     
   7.7443417869851361       -2.1778190478843014        8.7713975825813488     
  0.34840349085211064        1.6604989288530552       -1.8701118637644234     
  -3.6306228180622697        7.1446094618863443        16.159478795288024     
 -0.83766248194613513        2.0094079922414756      -0.86641289656639253     
  -4.2219954601827077        7.7710730164559623        15.304781458657672     
  -3.1548497564954201       -2.1165376033259524      -0.11548432093892379     
  -4.0021301706569101        7.0812794290465133        15.779139742075809     
  -1.7537800072811849       -2.3383298498248761        1.4723283096419848     
   5.5861271703282389        26.811701351725336        4.4651047391161400     
  0.91670787444927004        3.1788634935011797      -0.52916486233737070     
   5.6356011128371968        26.963574478879178        4.2357721522220864     
  0.11905333213725931       -4.6929549719338537        1.7254840595744139     
   6.0763090715376489        26.464809111797937        4.3594504844769029     
   1.0446524928065439      -0.62768504417122739       -1.6891103249038237     
   30.148799466789391        11.922981902130648        11.177440226620567     
  -1.4188318769636150        2.0032480834861990        2.8155793732680552     
   30.034533022036364        12.084349239734804        11.563949949174262     
 -0.43691121830166141        2.8527642216702117E-002  -1.6347454841600597     
   30.247113685877952        11.776928841703695        11.369271441094682     
   3.4715737204579677       -1.0715476699747917       -2.0317368423306119     
   19.665182664334178        9.4382671177248056        14.877358254947643     
  -1.2235043815171587       -1.7709211570110839       -2.3693235797147367     
   20.394947649579670        5.9770733891743788        23.942595380207024     
  0.72706137937451276       -2.6979407397375361       0.71591420443240927     
   19.446824204241718        9.6492255326230296        14.980650362687296     
  -1.6595496165882824        1.8199743754554727       -2.8241476108473544     
   7.9474545875101645        24.948220612401673        29.758421809496632     
 -0.28905264689446175        1.8159778137443883       0.65665755083854371     
   7.8156516803143417        24.682662646573622        29.577074940296686     
  -2.2225242652687380        1.0628594586961515       -1.2391073246651145     
   8.1212855610598691        24.992221312645391        29.575081924974995     
  0.60881018142302457       -2.7206039678932368        1.2718382608501357     
   22.730562818106769        17.674319452270453        32.582094039538553     
  -1.3153338678551787      -0.22201788965798186        1.2223062530162161     
   22.414853155272052        11.419674933814902        22.338217355236349     
   2.2979441161481891      -0.47050614200675661       -1.6971363716621057     
   30.556793414348945        24.175241380857248        49.487131992344388     
 -0.58469239714134813        1.1965936191959803       0.10775154269649168     
   18.950793345211284        9.5139367062307976        9.1782865093168269     
 -0.80635812693106956        1.1644527687768051        1.6244765482040049     
   19.210918039936068        9.1483524264212281        9.2753452154705069     
 -0.71903333929817359       -2.7138956182075704       0.77426802295491415     
   19.030842386956273        9.5311204302100929        9.2940635159894782     
  0.55186748924805862       0.34632631769340766       0.55878057028506534     
   12.676583448187616       -2.0372643173367933        5.5526411515562302     
  -3.1773377963752418      -0.60244564030127645        3.4554693932345826     
   12.249844223572065       -1.5608164711627539        5.5679499221036677     
  0.24257621768804982      -0.78057324088978375       0.60526440888924216     
   12.469195590791390       -1.3805182196255754        5.8061041146666144     
  0.29684062067980105        1.8788787586151365        2.5408297126908534     
   9.1141389483362119        22.426374757069262        8.9693637301061333     
 -0.88563577839313279       0.31335091757764094        2.5114134900870937     
   9.1053674917561942        22.782028691373121        8.8874451758134754     
  -2.5733510806637954      -0.14258971924476382        2.0969484296102792     
   9.1332825462762806        22.814356161119242        9.0750947357416081     
  -1.5830199741029467        2.4651965620786731        1.7354977836599701     
 -0.97406221808734350        9.6357532172439715        15.152970737710495     
  -2.1837479442562175       -1.5925936153055160       -1.3546108834748771     
 -0.98676609248307956        9.8196344174694072        15.207026148532638     
   1.1774513262291204        1.6050392493987398       -1.2210516152276760     
 -0.56354655806782950        9.9750405953073731        14.991685553325448     
  0.42300427251602435       -9.9240382531838534E-002   4.0833517890006403     
   5.9960573001350133        17.880494250890997        4.2234585866935674     
  0.46834440911279179       -2.1448889345944977        1.4822054318349440     
   5.5234839593637357        17.816712139309377        4.2845597120087113     
   1.3154460389864315        3.3227059912413228      -0.64365736302306675     
   5.5790216060463953        18.485998262292469        4.6122352308894845     
   2.9480668309645628       0.20137932832225558       0.59205312727809700     
   15.584580061883486        22.371625561581642        8.6072812738221192     
   1.1547500915311371      -0.81159244277195386        1.7267920777617620     
   15.204663287736786        22.267421170173915        8.7001696893356950     
   1.4205472678479358      -0.24933735966090739       -2.1398880288851019     
   15.758908393665212        22.948158519941479        8.6624252837079574     
   1.3359765599180493       -1.3106075720805668        1.8370233334984616     
   37.026190191797845        25.005963077232945        26.625051015546266     
   1.6221571705542233       0.10222819437006669        2.5047051384086747     
   33.188966979437907        16.179147009189258        15.685113658929819     
  0.17699512372664472        1.3043885068258338       -4.4013114817136350     
   30.194869480184646        20.898628389969939        20.706776872215514     
   2.1717098347194561       -1.4950798663250666       -2.3537288521592634     
   16.857501902796571        18.590297625926276        3.2565691129531347     
  0.81647551891891235       0.83085355289076968        2.8278654538847747     
   21.313753002347752        30.261572506909076        8.2141470281435147     
  0.62835095843219335       0.19281936228825144        1.5218419559968399     
   32.343662862663443        26.870816690182547        10.168901186367501     
   1.1906879010842453      -0.62433275909769104       -1.7996515864669369     
   24.564473953371611        20.065828893804888        15.623067611889340     
 -0.45221636192092624       -3.3708794075379456      -0.38211949671886852     
   5.5992187526536323        21.127311859191035        11.822595251081976     
  -2.6916783925494312       -1.2124769048518651       0.22136463262939876     
   14.158411907063405        14.059026939565108        16.348364841073430     
  -1.4002460541424919      -0.28856444241505907       0.46486527714391895     
   9.4446271316737924        23.367706650853304        4.7801607085048765     
   1.1247159605457044        2.3389975069194646      -0.28278750878709480     
   9.3607720062918673        23.730407060787890        4.7070847829603579     
  -1.2143681434412978      -0.44426183384398138      -0.85605322288323316     
   9.1084613650352697        23.293974523449883        4.5993632990725635     
 -0.63903875454255732       -1.7859544176542603       -1.2050566801770668     
   14.597132112413981        17.128954832429518        30.835969858895925     
 -0.71304782278987755        1.3833376126576638       -2.0181951565693725     
   10.106691208499848        21.195412024547952        28.671864986469252     
   1.3072226669373173        2.0886679860668234       -3.6115092230286514     
   10.061149169572358        20.956628783633533        27.939466802261531     
  -1.3521769253523199      -0.52697966004672359       -1.2683402907612829     
   32.955230274560542        14.672843748984461        5.6391258652152096     
  0.65512865062991421        2.8019261775092241       -1.0306975035043857     
   33.681248609531643        14.820719344407099        5.0258574499806743     
  -3.0488891119246899      -0.54877961237666661        3.0143243944981490     
   25.375593836778528        10.286491351774492       -2.2522422180879187     
  -7.1831677228885393E-002  0.15375936103529031      -0.21227572581582688     
   31.857213441700825        15.756882529683486        12.368635535077866     
   1.0866137316658353       0.28503955671804770       -1.6749881688317028     
   31.701228618748438        15.922103482912387        12.262206140820904     
 -0.91207669836138949       -1.6261895704995588E-002  0.55375751864882550     
   31.519753868837295        15.516952288603822        12.047465161059735     
  -1.1341688280006583        3.4717907474849619       -1.8850663590849936     
   14.288481490442333        12.249897173099113        12.406438913313004     
  0.13703143564962228      -0.52031666916586761        1.4844657297563972     
   13.928254589855181        12.986857560412393        12.479292069103114     
 -0.36659168497909644        2.6458452485665669        1.0405383306527360     
   16.818205521503547        16.135728851785839        6.4440184428445813     
  -2.2240155780265166E-002   1.8150448784809707        1.3761895276407148     
   6.2976899365032679        17.532343988125266       0.52991001428850415     
   3.0415218812643343        6.8968050413036316E-002   1.2862602639215028     
   6.4041334629135642        16.640685183449772       0.28604807874348509     
   1.3337411757475823      -0.53356873182409537      -0.26940332102682701     
   6.2216053310242083        16.324965365222397        1.2176695936201196     
 -0.72877179664551561       0.91567330382913770        1.5628802861328586     
   7.0197263815164463        10.347768873555914        17.034326174837940     
  -1.6062235675554410        1.8929732152594476      -0.83248222712306008     
   15.942604434093790        3.1272814422940307        16.754438219681056     
   3.3734198451197823      -0.38672285411802143       -1.9791177783136105     
   2.7695034472172364        4.1023405323576752        27.685878129209371     
   2.9785745190619211      -0.56847896135635945        1.3600879170039524     
   21.254494860936191        8.5689116988680603        4.9266648198903624     
  -2.7985993341184492        3.2245505488081592       -4.5279777141036703     
   8.5905280947301339        12.149685340492891        8.1339672979679349     
   2.3904732794022481      -0.44323153026641759        9.4343923519688663E-002
   21.133499882722969        8.5707675889250385        5.3304432156845163     
  0.44724726478415056      -0.73012772534976955       0.12186814188001666     
   1.5892922654738582        12.256844920560470        13.352032444439869     
 -0.35168438566763904       -3.0289679441877322        1.1390449856219313     
   1.6409977632817365        12.596648154684193        13.538397027248429     
  -4.8048645537805260E-002 -0.40514148764379243        1.3816899924784940     
   1.8759570906349541        12.824223511519671        13.433156556743597     
   2.5664498868512391        1.8811135056709130      -0.46185195799335549     
   4.2135806539860585        24.261982785360235        40.788854311369072     
 -0.72375477531093224       -4.7534101452537884E-002  0.69028474505366111     
  -4.4466776881450700        21.183997414096982        18.003398631713367     
  0.86626885021075029       0.30020026652441545        2.9632971652665105     
 -0.13533178517733294        24.403837872797862        29.522620047654748     
 -0.77456039517454889       0.47152468807237913        1.6235105132723957     
   9.6393098945223770        17.036703980456462        3.0109970539131306     
 -0.26173034412704621       -1.1031626636133374       -2.4304666039678029     
   9.4755721640769401        16.688522952525506        3.1977210455654066     
 -0.90862486608010984      -0.89269737713464259      -0.30865403838073768     
   9.4352006080330462        17.337698004941601        3.1101801026551477     
   3.8923857069881782       -1.5906260689679304       0.76217696777242827     
   7.7863458383870627        12.243532668960434        14.381124620107506     
   4.3839533786734552       0.74846015093520957        1.7195055588497514     
   7.6184356601195882        12.557946116562803        14.103427170387155     
 -0.98087217726659126      -0.75442783701512250      -0.67258065810805845     
   5.7878402830232440        14.418145227322753        4.0534947565793953     
  0.85202096848215314       -1.6239995223597310        2.7995444530778006     
   9.1185315845003778        32.720953869988911        28.638218748728480     
   1.0877470395424245        1.1055257257150650      -0.20831635895133394     
   16.224743879939716        14.023324487939499        9.9032055812960014     
  -1.7775194964530654      -0.63172560891574969      -0.97377964691218910     
   16.272175136361536        13.983096298846801        9.7812154168982453     
   1.3103377272860379        2.2581286067424773       -3.6681523445379005E-002
   2.4001422973517226        19.382183995223141        13.042826723403557     
 -0.16441163029509126        3.1391983394987188       -1.2638988689716633     
   3.1117994667898006        7.1731895201363782        5.0351588148885940     
 -0.56158410971249806       -2.3113378665510789      -0.99025524635411244     
   10.415706312037596        25.751453790061451        7.6742139599591823     
   2.8374243269517221       0.93424079548436301       0.70298134426161873     
   26.812678347209097        18.032670601050299        2.0850006170397575     
 -0.93752156410641585        2.2674470607974309        2.1191375226794498     
   18.404618988363115        12.141882981285679        4.4945205386904510     
   2.0052767780444962        3.2417993093966861E-002   1.1323210686646132     
   18.145979970637125        11.299555870559814        4.0680438088045978     
 -0.23167362992876514        2.3192643736839349       -1.8593298327842775     
   21.391254796345326        14.386552465857514        10.988718365523971     
  0.47185887415112959       0.18274359273186144       0.10403591465993489     
   20.737483926287954        14.207317616482264        10.473567527108044     
 -0.41462398362069242        2.8943211810776139        2.1681183631387655     
   14.071831855819370        27.020337093483249        13.348887959494215     
   3.1304547883469240       0.51011331091922463        1.0477130675433486     
   12.598173609750233        24.345525002467443        10.044671548684613     
   1.9060021442211426        2.8883682469129797       -1.0689156166804119     
   12.493365647773469        24.517678828955976        10.080923006170664     
  -2.0253931683987618       -3.2130542835404525       0.24006239193014522     
   12.381510919064585        24.161660271686937        10.059336949582725     
  0.69123037525540176       0.25339230903068599       -1.0819705332925003     
   4.0297939020435027        12.900057994089877        22.407228943858197     
   1.0933076890743700       -2.2703388040745218       0.17841802946133889     
   2.5324323066590733        17.873117415316020        32.889806946006111     
   1.8916833729065394        2.6043765533731627       0.63023918300180970     
   2.5590810375949165        17.610086557286280        33.277722539763111     
   1.0919213334601130        1.0673445211426815       -1.5139240095462436     
   12.647937951849745        27.119335178045013        31.477935181453280     
   2.2970068081656572       -5.2231361876848128       -9.7269045271408214E-002
   6.6735287771499499        27.803170825968785        28.058833098831673     
  -1.9554414771848820       -2.9195080345397284      -0.46063523099800419     
   12.155074686409112        26.804049548701123        31.856847087123796     
  -4.4133696091323964        1.6470650016806072        1.3326011363246275     
  -9.3692682616357956        1.8212231633155143        36.666167938444104     
  0.50504957385527471        1.2803801829981294       -3.5444458254091553     
   1.5722327272617280      -0.79636405029123458        31.127361475913229     
  -1.3523706304140553        1.8878411188971702       -8.3601869709162266E-002
   1.5778973171548540        7.0942675103062403        17.418559434855499     
  0.12497060192957195       0.15818215383406484        4.8454968858360417     
   19.489141412613780        22.199339916376150        5.7698564666139340     
  0.82097480126341416       -1.2656885350556164      -0.89433629854622554     
   18.831846578416787        31.917566948162161        6.4921879174503561     
  -1.4806740040100628        1.9346764870564923        2.2345977989034163     
   18.452161817158821        32.080235167401888        6.7885755150718001     
  -3.5870759445050502       -4.2247605816142979      -0.53180064636201363     
   15.906160410958694        30.073164286252968        29.966011863271337     
   1.9008012352322330        1.8065594451625604      -0.27674514857641297     
   26.247847065340256        38.805955684761173        9.1953610431872939     
  -1.7783413116017812       -1.4948096968778692        1.4196806987809600     
   26.287700305474431        38.784160645631623        9.4866007327714765     
 -0.63202244863295687        3.0867418483473812        1.7789145200482395     
   27.752773775001067        14.948214362896008        12.698485678821388     
 -0.36033336786989340       0.24647555602976221       -1.8613166172742224     
   27.838129825715765        14.768585729250530        12.405086467118601     
  0.53074747849660042      -0.16225396402354186      -0.94237606008002628     
   27.726322902890551        14.567471620595818        12.609573703865420     
 -0.41969341882219297       0.34288082235498019      -0.87595183878856009     
   30.252048550238857        11.925965939452718        6.7297120422113537     
  0.55910261762415381       -2.9265429908867007        1.7763994311554820     
   30.033047653358796        11.998789176835038        6.8569213412152141     
  0.98679192142369521       -1.1103249642868267       -3.5033255512292585     
   30.137905042895987        11.615262519536126        6.3759674323361226     
   3.1686560381605022        2.0048946485983294       -1.7578149311812403     
   9.0849468440423262        27.174315909579914        11.526329037827539     
 -0.82275924985279436      -0.27714064217183743       0.86620878605670126     
  -13.131998592607054        32.206935173139541        12.779707323735131     
   2.0689439522951192       -2.0022082009720648        1.9105234076156545     
   9.4504835534047782        27.353310471454275        11.680294348495538     
  -1.4110511639389245       0.23491911800754248        7.9303776371634979E-002
   28.027997147677770        6.5910285873284060        34.954113093197094     
   1.2691580731353587      -0.93709936577571173       -4.8725872150436746     
   27.539398926375341        6.4131025727597768        34.452249047820629     
  -1.0392523748410056       0.97922732583399752       0.75047620685933891     
   27.351756433191216        6.7161577841799129        34.894958348168849     
 -0.43539301451688406       -1.0170436050557841E-002  -2.1098725298403651     
   24.559623722921259        8.7261302425594369        11.831576363402807     
   1.1926656636575526       -2.8403014016094761       -1.9674737265791982     
   24.948182044814537        9.1039019550613709        12.253166393671716     
  0.32357200153643340      -0.36083835374650858        1.5953284818782238     
   24.758285523363309        8.9051713045501337        12.230530043703183     
  0.38847189563543155        1.8726033612775881       -1.7306119644016589     
   13.819354245026773        26.173644612674131        6.9865999628640232     
 -0.29991572557825452       0.38838587892840248        3.2017304637197359     
   14.532618815365508        25.810063685110624        6.3994245294775789     
  0.58798496971992120        8.9351182896934209E-002   2.8654272165607884     
   13.740058551800288        26.707240273043940        6.4279541435814433     
  -1.7901400807436501       0.13037829002979739       -1.9000196298428338     
   20.297126782278770        6.9420493601892916        11.747919658332947     
  -3.3607439067339899       -2.2894703568863251       -1.9342754536408333     
   20.514008264216343        6.8348305027189333        11.968031529099793     
  -1.5294083464483699      -0.19961535672381159      -0.69206690124542758     
   20.454885170068447        6.8567138913737642        11.370839432780802     
  0.55048567050905217       0.45853320507604622      -0.32765739113815773     
   9.5759046681353368        7.1157959375655269        10.449688180718503     
   1.9597534486479007        1.9226270581063714      -0.61918065559435531     
   10.476566587640981        5.9503897806156791        9.9109569632875392     
  -3.8206510721527782       -2.5698674227762752       -2.4070650457376606     
   10.398160703566969        5.7095621244293397        10.125144423632278     
 -0.89479145520558989        1.5379591755663429       0.20291354717307961     
   18.617332834585167       -5.5457067928809991        28.897806265012207     
   9.1323336552906698E-002   2.0634585036363946        3.1786004366606009     
   18.262133078636207        1.8932685778004330        26.601035231212617     
  -2.0782432377170368       0.21499359538952209       -1.1225932494761215     
   27.906271610593503       -1.3607809026338658        17.634846349719897     
   5.7018922522947602E-002 -0.58794939117205847       -2.3914109021123977     
   3.0065414580162537        9.4206840753151848        15.475225664997337     
  -1.1208281810485585      -0.23420832803219169        2.3598886390908942     
   3.8615120191335972        9.4853323432304180        14.838732772456302     
  -3.4783537744625836       -4.0873351737643713       -3.1496773156328866     
   3.6990369372779557        9.2642736615877421        14.535636774469857     
 -0.40810304386968799       -3.2081935772171759        1.0898322225366615     
   23.766918752671543        7.2289273492204682        15.104231904673320     
  -4.6853831885188679       -1.3314702611163005       -1.6193461172660160     
   8.9413212609067099        23.921118959429254        26.169546547028816     
  0.69363265868779356       -1.1821907116477697       0.15053128558963766     
   23.666952015343522        7.5155251259466596        15.134913016507895     
  0.20340008152895250        2.0194308432295904       0.36741760126118272     
 -0.37811080740638420        40.391829442816643        21.704547950738640     
  0.18905692821710657       -1.0959292421960312       0.57379395148105905     
 -0.88314316022891248        20.813895893286954        27.533442056355266     
 -0.57260913091537913       0.82393021202661365       -2.4624546464131565     
   7.4771176429951884        17.293508540184224        14.255041718014303     
 -0.92486285734845164       0.63830214518836459      -0.72368926060740768     
   16.239695917253385        30.184131426309627        33.983712525314530     
  0.56796575585223530       -1.8622375391865311       -2.3482407895132522     
   25.619095863122858        16.669832183986358        19.479680880276103     
   1.1596882145014384        1.3146331913699150       -5.1312398831760309E-002
   15.716405328009206        20.440563222682862        26.339059921811483     
  -2.7536755627011464        2.5136009596925484       -1.9829700865486601     
   32.369500324031193        6.8002190094995196        32.406436732598493     
   1.5465702327241146       0.28076061330722446        1.2300585211726949     
   21.638696784836757        4.3555946146299380        14.379918274557474     
  -1.4897662743786455E-002 -0.40169307895140743      -0.14019854733150969     
   17.066009821469677       -7.1145941422895289        43.274287353521835     
  -2.2687662473508108       -1.3986973597416539       0.67633406871915991     
  -1.2792012023604373        8.6991406469614834        8.6769981662301330     
 -0.69063635116488697       -2.1376690105242138       -1.4558905791661305     
  -1.4154128449991341        8.8968805441048104        8.7142842728450631     
  0.41872984307217836      -0.21277208872837527       -5.3048846444908697E-002
  -1.8188596539785344        8.6884844052711045        8.8327893383442095     
  0.81887016135522794       -3.7949404726163771       0.40930343727140800     
   1.5446760428359940       -9.3485279356646256        23.811732411258028     
 -0.93211598212184765      -0.96802925236525039        1.3057976205031550     
   10.709323727186717        7.2404555478286925        14.409624875637231     
  -1.6571795925533908       -2.8593126651704401      -0.71048847793357606     
   10.619708777946043        7.2506278502905461        14.546020023399546     
  0.45287257882917109      -0.78838584995053462      -0.31670937233053542     
   9.7247084509496116        19.420780631961428        12.342944172480189     
   5.2330731315890500      -0.32353710366949318       0.93819320492454261     
  -2.7524323098836150        34.933663383405055        14.251154088026365     
  -1.0927115038163935        3.9076525995290989E-002   2.2459559414828503     
   8.9228478085352450        26.022648151567569        15.376428980209202     
   1.6758796482455722       0.91480487768902574       -2.3340624795857083     
   17.547451173577965        11.482565475625648        12.076298343877513     
   2.1289303075483046       0.52748289048442543       -1.9382708940500015     
   18.030221086159251        11.683027594093184        11.912697940019843     
 -0.40001765435844966        2.2935939697341676       0.70718557789842107     
   17.819606407396002        11.841315069315119        12.428340388008072     
   5.9114273931858801      -0.58319127668270987       -2.4135205162878171     
   23.920272556130382        16.504766774485518        12.850106511429543     
   1.7148972011310202       0.19280241775163565        3.6274538261227076     
   7.1357670226212546        13.501315067225638       -1.4921256095558399     
  -1.7861957859830127        2.6924732122649386        1.7167864116177840     
   24.180115817818674        17.310942790575055        13.018280179133853     
  0.11167634912332723       -1.3056616595969088       -4.1358243734739073     
   8.1843625985981312        20.387615360004201        15.509251106885701     
  -1.7127207640908249        1.7066203597398271        1.2087131051338376     
   15.685580100384312        18.898686393136806        19.588352132367714     
   3.0796434941814614        9.5954790761136222E-002  0.98516802698406380     
  -3.6958928698933393        18.688552064061192        22.760911307791929     
  -1.0657345060909758      -0.22783835786654325        1.4025217917638013     
   22.592469302572599        10.078305924319064        8.4262745516848039     
 -0.50420914083572077        1.9884376064790490       -2.0068289012624727     
   23.216647114838008        9.5304306858747676        8.3257267141413553     
  -5.4697879816309358E-002 -0.99929570448445815       0.55642902575919273     
   22.778626962428156        9.5791688219546938        9.2378294248427011     
  -3.0929490162689275       -1.7350991221134038       0.23350836549865606     
   8.9779076995858311       -2.8745509142606287        30.957143084253392     
  0.70709659526043767      -0.86619332794940340        2.1121094682696175     
   9.1288664349996615       -2.9602714039149931        30.876876344192066     
  -1.0558708239520689        1.2581934285289849        1.0248719241308075     
   8.7381686674380177       -3.1381605063501281        30.821163825425081     
  -1.7356317576291698       0.87219291626263640       0.88352547158344974     
   41.248756124902229        7.3739398013811961        6.4247495463288589     
  0.34293266572523690       -2.9014818365436685       0.13092337707248600     
   27.032691126670017        3.0912486868635760        4.2493853196573736     
   2.9963138858879788      -0.55435999013944981       0.95924039740091949     
   30.393357295475578        5.5563324925603412        11.020011185876525     
   3.7721879116949353E-002 -0.67418830214445447       0.60721567309496460     
   23.141559532169943        15.266149293729537        7.0656543134782961     
 -0.44675882790153287       -1.1502637372444660       0.48290014719249724     
   19.821127182744167        2.4454366322406518        9.4966805761812676     
  -4.2263866755295725        1.0169719302654365       -2.7058044077501378     
   20.284257894335287        3.2783889221709526        9.8504220705703691     
   2.0260579234777509      -0.82227632735287937        2.4722750950540191     
   13.577641490004035        1.2459429849923409        1.3557513542048449     
  -2.3631725149427938       -2.0540686599553490        2.4515144934882476     
   29.124911882860133        3.9782362608191897       -1.5401789071556369E-002
   7.7625450966349874E-003  0.37151568009719671       0.65951515521129833     
   13.235592961950195        1.1291530141943660        1.5952065252043410     
 -0.57199607929388041      -0.28666802627854665       -4.8730723857605103     
   31.600000000000001     
