   8.21429996290214        14.8537196611262        20.9342496694395     
   1.39740729870512        1.91251169845490       0.497101675909580     
   8.61898351397161        17.7883674693351        21.4077562790205     
   1.49313096273321        1.50213414532055        3.03015972583801     
   6.00777255340351        16.7907419744925        20.3185727782782     
   2.31661343108471        2.75862634546945      -0.151767706770927     
   7.67944448964863        19.2443211999235        8.18029271972097     
  -2.47257044106332       -2.71129739869569        1.42315368686776     
   9.65770814598808        18.8210150486485        10.3955582594646     
  -1.13947615876246       -2.61579210934088       0.257946900806191     
   6.80627024832445        17.9567769287914        10.7454073527579     
  -2.03042820800836        1.56762790709175        3.76820356888308     
   11.7522473261770        21.1884702839392        12.6061401888990     
 -0.548443888214016        2.68187932293316        1.35136686109706     
   14.1509283173393        19.9240206515673        13.8896579082740     
 -0.232031840614383        1.35165571411468      -0.529053301579069     
   13.4786138715268        19.3065919445071        11.0319009070163     
  -3.62642068404116       0.609185678074411       0.407264877114847     
   10.8185835551347        1.02173228353852        12.6667757486179     
   1.33807884884339       0.458489001451736       0.954958917001210     
   8.69942775487360        3.14449490973331        12.6105472848619     
   1.83833576850840       0.972812089004951        1.44081091573747     
   10.0498211208748        2.30526930116699        10.0665075556044     
  -1.26836844848415       -1.69854240109269       0.638716834469097     
   10.7159758806536        19.7132750767402       0.919974902818820     
   1.04274425243867        9.65116922566009D-002  0.953434000410686     
   10.9653131785247        17.9157728047186       -1.46890928598342     
   5.04093074847574D-002   1.64531567036710      -0.326086986035210     
   8.75467447924084        17.4801762306798       0.511831021582306     
  0.443397083732073       0.805696319264206       -6.97969042007491D-002
   15.7389726726054        21.2420226714307        22.3197600336065     
  -2.92585671216962       -1.12128244856775       -2.31981042343171     
   12.8953009102697        21.1700230993386        23.2730525399538     
  -2.26788208498874        2.78150049560621        5.04283460111115D-002
   14.9351375801100        19.3436280192494        24.4991632126777     
  -3.98900786854262      -0.971001729005664       -2.57818458126928     
   18.4736972826387        22.6040897463395        9.11455796822477     
 -0.530670438908749      -0.935067721766833        2.82563012484829     
   18.9125881491997        19.6367191655138        9.15965704861357     
 -0.582106589178109      -0.974334516070452        1.07904738838826     
   17.4277819102513        20.9676648436097        11.4010704498627     
  0.298336935579343       -2.12841816694040        2.35591944675718     
   27.8577015025284        13.4036184843917        18.5635372099937     
   1.61550834125281       0.520609588757572       -2.00068807350155     
   28.4329215509137        15.6092565083169        20.5139934626565     
  0.764897713945475        1.71152380659931D-002  -1.17616722003188     
   26.4792359350152        16.0531498528552        18.2810422287558     
 -0.104991479376719      -0.199006253195717      -0.460978928659250     
   15.8975663625657        28.3515438227890        9.45027515664152     
 -0.167766239652565        4.34795946869726       -1.65172959651555     
   18.0089781789628        29.0107170863129        11.4769366664559     
 -0.159151771451007        1.07851416461983      -0.569321749494379     
   15.5656897944072        30.7354512586878        11.2410682522931     
 -0.323747680617820        1.28752174157549        2.46705728450426     
   5.70554439902382        10.1745875191416        14.0069730856875     
  0.873801676492768      -0.991782172329009       -1.32885325597033     
   7.75583212035620        8.26531465043481        12.9341264068054     
   1.85570306854295      -0.765383559095147       0.129916341711023     
   7.61929941842327        8.82079237646564        15.8790887695146     
  0.878597458857688       0.605004454077296      -0.168904774156123     
   8.67684013946404        3.22549239874639        22.4548319311409     
   1.79702949127930       -1.16613575365117       0.603555701370450     
   9.45601408196952        4.36793261160401        19.7925136133905     
 -0.731959051301050       0.602236369436729       0.603739740939798     
   6.68334054088172        3.30287238019973        20.2143289095541     
 -0.353806059973061       0.368549626016725        2.54644536140147     
   3.06630841256252        8.48609560618497        5.32585298600285     
  0.163318573762640       0.703706646506490        2.71825434971308     
   1.88643456577055        11.1083356806658        4.47043793071151     
   1.16084626176262       0.408923089145589       0.400530469917460     
   1.48512676147213        8.66101573024572        2.78236888374572     
   4.63060169265733       0.194329054972249      -0.149921501824504     
   26.2160894550490        8.65790865396168        14.3565993294368     
   6.86641391799636D-004  -2.72004025810591       0.447851494171154     
   27.3585132053358        6.71719232945129        16.3386303033957     
   1.57336124613003      -0.886679129611055        1.35343959040506     
   27.0771880221267        9.61388198518479        17.0666723261061     
   1.11554275204162      -0.404789219724007      -0.708547594755465     
   27.5033905024384        2.07317941247658       0.100829345000063     
   1.06594884598049       0.974261303074743      -0.266096453158263     
   25.4863291603525       -7.64233286127865D-002 -0.456264906000788     
   1.00314090409212        1.29955510437239       -1.28436885966583     
   27.2922016272841      -0.295918624925914        1.92924269082977     
   1.43025870537832      -0.211154944643817       -1.74110406281870     
   1.78568127176065        30.1392811093395        22.9489186419761     
 -0.655936293428294        1.23907859054033      -0.444577469906860     
   2.01255138146108        27.1715747875609        23.3246177546132     
  -2.52508099157257        1.26310164715839       0.945165202077860     
   3.19757939869297        29.0354764498399        25.3547850364513     
   8.22311006813862D-002   1.49008870822957      -0.761105347438209     
   15.7384382242173        10.8215647811665        3.52367355174729     
 -0.943359527449574        1.63197128792550       0.877130646623915     
   13.0283634395372        10.9148483037567        4.80687803997920     
 -0.547473330594563       -2.11174595190131        2.04431655650246     
   13.3487137693550        9.74850832730600        2.06151344946656     
  -5.98193382610852D-002  -2.03289419231736        2.06727493053388     
   25.3579529952922        18.4368022317780        26.4855844745073     
  -1.19871294127807       -1.02591521642852        3.01602029725711     
   27.9538444303576        17.5241131550682        27.6807820777892     
   1.29048752562925        1.70889549286471      -0.200980383218764     
   26.6739426783669        20.0640258626802        28.6350854591482     
 -0.690881602330775       -9.48019437154128D-002   2.00535310483218     
   2.70674239785433D-002   29.0991552805387        1.07673498697851     
  -1.06920173708597        3.46012554446341      -0.661033046550803     
   2.18471739518577        27.7715870528168      -0.530130187494372     
  -1.68596420929668       0.740386548606956       0.718849449331810     
   2.90821119189959        29.7348213473252        1.61981581903353     
 -0.717667920175751        1.74394999313338      -0.515343646821114     
   22.6803381290773        24.4972218983728        19.1880245942789     
 -0.357333812582399        1.03216994113314        3.48891582937501     
   24.2911175585535        22.2399633699408        20.3325778124822     
   3.11077371600746        2.73460269998020        2.04067824319980     
   24.3051559359910        24.9235177885493        21.6735992952297     
 -0.801119902034033        2.00280270328427        3.61434148498305     
   26.8323370293521        30.3521876400241        10.6682994050619     
  -2.19789675378735        7.10779730092348D-002   1.70610947087765     
   27.9199122802499        30.8762186576701        7.92189896494798     
  -3.66395862797792       -2.26947157942561       0.663211888737134     
   29.7563911980222        29.9727842188770        10.1153326692816     
  -2.09468906824188        1.76930198060180        1.05596566287065     
   20.2019956537041        10.3088354440860        26.6746208626198     
  -4.27784242399631      -0.882793146225114       0.804385544808025     
   19.4652894520870        9.16242831574265        29.3472894657146     
   1.17515065068173      -0.204457457414548        2.66154429948926     
   20.5712014058153        7.37896390232179        27.2034113349759     
  -1.17062464381751      -0.370300666329673        1.57379014206011     
   28.1962530303580        14.4297942042892        13.9452397540522     
  -1.83099751511628        1.84582094260492      -0.333503270883328     
   30.0390887409547        15.0307360737096        11.6555302998826     
 -0.184332515031755       0.690452254619245       0.677511665354800     
   29.1209993070403        17.2425788218699        13.4624236141136     
 -0.679262740635420        1.44312108122801      -0.489303585477746     
   10.0727974037636        9.99817264288345        10.7010386373389     
   1.11371187035593      -0.116866299063486        1.34136279901436     
   7.56665107754015        11.4399157749336        11.5013272851462     
   1.99769397885147        3.09210345783868       -1.55070843722805     
   7.45168523381005        9.26274749678610        9.44056986320880     
   1.26208081297144        1.69740144139163       -4.76956562479920D-002
   23.9156327737599        16.0600256663548        2.70262254052766     
  0.277192667005867        2.03543488189083       -1.42924015825372     
   26.4155046388023        14.7602900097530        1.67228749150570     
   1.62395168041431        2.66018689404082        1.00634700356490     
   24.0391990286385        15.0812189330964      -0.130537036943589     
   2.94276447128274        1.14855941303173       -1.02366403012522     
   20.0327480683012        13.2724775205334        10.5150289084464     
  0.804375262699733       -1.48793629707800        1.60086751481782     
   17.4144407616021        14.5974306860226        11.1388260666492     
   1.56189793128254       0.673182061433287       0.260324578841688     
   17.4958839036988        12.2266926197741        9.30226187067697     
  0.595406746674929       0.857992581314716       -2.39547739446972D-002
   18.8710044211220        25.0095544059888        11.5978365666728     
   1.50725063994327       -1.61244855850088        2.00065526260204     
   20.3086767364691        26.8844573698604        13.4465516482507     
   1.09840579694311      -0.674310788688639        1.37089626201533     
   20.8183712823863        27.0061059320411        10.4926706236586     
 -0.609264146676072       -2.85087859420128D-002   1.09706328816374     
   29.8476387089289        27.0894020778947        13.2062598802071     
   2.79959219469207        1.93856753073987       -1.80986638402478     
   31.3798625336629        24.6904589895823        14.1536726619686     
 -0.845457943548355        1.16848915683847        2.29676147624699     
   32.1181443363024        27.4265827406051        15.1378305805747     
   4.13947059743834        1.96985792750514       -3.37760815682504     
  0.891109828534055        21.0258486269939       0.618257526818288     
   9.13933456302114D-002   1.36686501801315       0.212120637584260     
   2.30624976548789        23.0217671066350        2.35416814492064     
   1.75005233276992       -1.76879516365331D-002  0.464823984713668     
   2.47548148956401        20.0947039769147        2.98951219637388     
 -0.334785947229893      -0.278185898879662      -0.142339621990893     
   26.6988151527148        5.54579664448744        3.98111507893320     
   1.59677488229223      -0.416330670082991       -3.68149710015804D-002
   24.0304544309401        6.84512356552995        3.54341564704286     
   1.83859533922522       -6.18123778444752D-002 -0.462797044455352     
   25.9783673247909        8.03743960379747        5.48867085501996     
  0.284449043824871       -2.31786009768337        2.51841969019727     
   22.2615961893996        25.2442395687966       -1.22872488164654     
  -2.81068687470657       -1.12169557813834       -4.56792799091665D-002
   22.7216011474040        27.8259503470638       0.228353445406286     
  -2.06332453009138      -0.482071657877371       -1.40460434715065     
   25.0357258728684        26.0198996102388      -0.390522544864355     
  -2.63595409844761       -1.66576611929043      -0.118782700919910     
   29.3728961443058        10.8562560402869        23.6747688926985     
  0.813564577521389        2.02507583954373        5.02757334560369D-002
   31.2085351617551        8.85831739046434        24.9547636083410     
  -2.11117280032552        1.70580609321937        3.83588839945965     
   31.2494054430448        11.7214320383386        25.8496960862921     
  -1.62331567223559        2.25212289240125        2.08591055230093     
   18.6764462197710        11.8285179133064        31.6935393946673     
  0.171080648431109      -0.551232791345893      -0.964004344267399     
   20.2497321125773        14.0450642654511        30.4238176989105     
  0.606991480107804       -1.07826113330283       -1.34778981502015     
   17.8519384066505        12.9130031008303        29.0205989030015     
   1.03432174200079       -1.59862721529220       -1.66015670930380     
   16.1345254756210       0.620368533427221        21.7694555184204     
   1.74916438115189       -1.79119588634027       0.148693110881759     
   16.7785688974746        2.74000354574594        19.7464764772847     
  -2.49643728657357       0.433388168498565        1.06833657548412     
   18.7524768271888       0.551259896981089        20.3060197989002     
   1.37467124304646        3.36864635468975      -0.861896168906479     
   17.3087055982585        7.54276344021606        24.8505894393467     
   2.05404697862016        2.60570194252453      -0.747097011503647     
   16.3610954584740        10.3752284990238        25.1319240087280     
  0.868124795056937        2.27692204259195       -1.39550128497434     
   18.3043022979553        9.65194956059363        22.9637877674539     
 -0.171951881488602        2.26106514475254       -2.32688306143915     
   11.6380917439439        4.35231997085992        15.0460153505867     
   2.09103049956022       0.710254646332217      -0.759966843847602     
   9.48998742066286        6.10892969924918        16.1859982259167     
   1.20181252309877       -1.85103631236646        1.56711741338320     
   12.3239903483241        6.40358776214414        17.1249359416321     
   1.68341119539522       0.714134287485141      -0.629528704288138     
   5.44926478637301        9.91725236983262        25.8806365442710     
  -3.04273811706299       0.157451501971673      -0.381536348608888     
   3.59138624617304        11.8207791378377        24.4934649564449     
  -2.27005142420529       0.890426234437068      -0.412926483849759     
   3.40105395853660        8.87626127715451        23.9516271649661     
  -3.61225914815575       0.934351709113575      -0.197223420203893     
   9.68486257353336        23.3690551088121        22.6070273048186     
  0.244292080085296        1.43660692902238      -0.148218838286342     
   9.71751785499816        26.0730416984047        21.3080109480282     
  -1.17573775125882        1.15398923197830      -0.781967063319555     
   8.28653411063447        23.7913151114020        19.9866444939430     
  0.913419151584875      -0.175626398560873      -0.771669417341211     
   3.37985389288390       0.952566355920608        30.3973249185963     
  0.281209628855256       -1.55728921167120        2.55657519780645     
   2.91809163954401        3.04882568103810        28.3015184646353     
   2.86698476340601       -2.57480291509085       0.944481561680140     
   3.37888205292255       0.196484962461628        27.4941619014034     
   3.19442010788831       -3.09342750172170        2.93672038422295     
   20.0737959002650        5.44956012713508        30.5277730492621     
 -0.763176100871181       -1.32803483630883        1.75749893245423     
   18.6095603271722        6.75732062423664        32.7962032077884     
 -0.421396156366489        4.09848852384218       -1.06794427900871     
   21.5708820632781        7.13849948831622        32.5041822340746     
 -0.664547000307171        4.46873478023757       -3.12629986975418     
   19.4585205423613        14.5925222979280        4.49367398958964     
   1.02324944478422       -2.17752882939653        2.35766075278057     
   19.4539458846689        16.2701548671246        6.98074058906760     
  -1.96912612248810       0.220291561339812       0.769628256668912     
   16.8859517735965        15.1149033211944        5.94594586822277     
 -0.916716971841221       0.178717181297580       -1.83377371194660     
   6.59951336133074        15.9794991002803        13.7751085833859     
   1.17468301289781       -2.34759239651986       -2.46410911614990     
   4.10417436862037        17.6334946765049        13.5817605004310     
   1.19136579268691       -2.22283515463035       -1.63267671384224     
   5.99399281522646        18.0323464075369        15.8773004230903     
   1.27520848788230       -3.28625646231127       -1.51442159963107     
   27.6788823405609        5.09062743084259        28.3020109591196     
  -1.22739983401873        1.38357542388327       -1.79636087105518     
   29.0806894012740        6.43315914105964        26.0145675011370     
  -3.08300676074155       0.193546024487332       -3.65048541873335     
   29.5911343158331        3.53406237590169        26.5930862439200     
  -1.94447518346607       0.717043650394665       -1.99439862504378     
   15.8478487603275        7.71333590369933        28.8845809576795     
   2.39182136668901D-002  0.976427631751594       0.489461715905033     
   16.4334683426857        4.85872255292294        29.5974016439871     
 -0.949439007595632        1.05644764564214        1.62491426157609     
   14.3475248765483        5.49256570361208        27.5365564976826     
  0.834818650506752       0.876400267444994      -0.252806412437231     
   30.5309555514314        9.14151367520456       0.724224853534797     
   6.27711097019604       -1.19204784314630        8.30205966137610D-002
   31.2413206702394        11.1948399720759       -1.34442492081186     
  -6.10365431035610        1.43277213802359       -1.96080187038089     
   31.1010839129681        11.9685120527304        1.55070291125155     
   2.20342173968529       -5.10853231641484D-003  -1.04998594499788     
   18.8094015430055        31.8575451239227        4.39250596400665     
  -1.08852220240221        1.73643407836391      -0.486076759843888     
   20.5007492773166        30.3640265661008        2.41547903780075     
  -9.13027773815220D-002   1.36945777825964       0.638337389939519     
   17.5120057000344        30.3337531855884        2.15761210700201     
 -0.129807593223474       -1.68464652922389        1.25490775981532     
   29.2305323442165        16.0310012468766        3.65914179690170     
 -0.713624747952614       0.285000065834009        1.13167228669731     
   31.0996779895773        15.9723692989207        6.00496416630025     
  -4.64396682312227D-002 -0.179137924365633       0.590577183063449     
   30.8899848584984        18.4425211225317        4.31547348587801     
   3.50324088404732       -1.67151831858777       -2.09721994771325     
   2.09559081984743        32.6697849815936        20.5060608511633     
   2.77643683217112       -2.45318646092339      -0.865341201047679     
   1.26190563134201        31.2375327308311        18.0053286072389     
  -1.57531323895739       -1.95440214947221       0.259190852663808     
   2.28148315989533        34.0547589704672        17.8513871314235     
  -1.16727221438908       -2.16882907273461       -1.02271508068970     
   13.1083629470889        2.56166647794023        18.5725573244389     
 -0.522385512726651        2.68188946866834        1.19154565047762     
   13.0271445568424        3.21478355026717        21.4993943824339     
  -1.54137161828094       -3.02584600815746D-002   1.78301207633745     
   11.0757231942808        1.24948992274141        20.3463221082689     
  -3.22024859145293        3.40141491247395       -1.32995694876693     
   26.3684437602830        14.9407687721084        9.07020255541651     
   1.54222321963799       0.866629723255134        1.24340702175740     
   24.5560633131398        17.2367530170020        9.73623904270265     
   1.64932497742905        1.54355028538258      -0.765812815893411     
   23.4018580100145        14.5176082422653        9.21272990973237     
   1.55316926243751        1.03742202763209        1.99948384380911     
   3.73584825694466        20.1270652571874        8.91140023921785     
  -2.67126869625754       -1.82299547442796      -0.343333018147493     
   3.05552432500118        22.0463615882762        6.70835239472841     
  -1.54329939582754       -1.10886994201124       -7.43310553337960D-002
   1.72958331337293        22.3062047653402        9.38685234327556     
  0.709167849562291        1.07807341379795       0.848542395312302     
   11.6915033126774        9.94555124355751        18.1189564977161     
  0.693364723779819      -0.704750490382195        1.18032563734286     
   10.4650633450567        9.42052859070948        20.8059872440913     
  -2.80400342409386D-002  -4.61263384352736       0.119065841362364     
   10.1372906512533        12.1043329662699        19.5060798876800     
 -0.185924517799174       -2.89502526204964        3.64578739555961     
   11.0794849018248        10.5046943521725        14.4813319858723     
  -1.02383603497675       0.425884697060424      -0.529282020945471     
   10.6733067935404        13.4690363534834        14.6991932061899     
 -0.508573240401522       0.575233206184583       -1.56594190666953     
   12.6002210851065        12.3632592431030        12.6831926323000     
  0.516854685932240      -0.382892145859120       -7.07245369061018D-002
   21.7064312575585        18.1021248113883        15.9187240526116     
 -0.367174848696462       0.720588411199972        3.33319996986918D-002
   19.4637220208443        18.3791303759563        17.8920030668342     
  -1.98202701546600       0.549481042604817       -1.76245310002825     
   21.0861923418955        15.8570700510766        17.8095301567582     
 -0.923492431674459        1.14914175109067       0.360879293436770     
   12.3265127041110        7.02122461437379        13.4087729468492     
  -1.03677213658268       -2.46380650703623       0.133083445466207     
   12.9229086451801        7.27990491038961        10.4799433188728     
  -2.35703549843007       -2.26049263890441      -0.123400193962472     
   14.3517701989283        9.02136904055615        12.4612704860973     
 -0.651242786192694       -3.17213274996207      -0.542397741046337     
   25.8940968717546        33.9737933828271        3.69437524241306     
  -1.94684894386941        1.07815972436082        3.78984493785205     
   23.4528443694792        35.3906326394799        2.67813911871873     
 -0.772046383524595        2.17949381541335        2.48302766888601     
   23.5369572475850        32.3921570218114        2.72362532074857     
  -1.53108236290828        2.13142714435875        1.01767200137173     
   29.2590234672823        24.7437356382133        9.90938976302546     
  -4.75068797649093       -3.62146112455287      -0.492500405882809     
   28.7135487002838        26.1628052270276        7.32323712865465     
  0.896283442931336        2.58479307915134        1.57704656031983     
   27.1865570600835        26.9098240696678        9.79513101491814     
   1.32100146141180        2.49666351196976        1.86659591616729     
   24.5990347946058        24.9483028722658        25.7082664240525     
   1.79823603261959        1.99635451008730       0.499837830381909     
   25.8464452647493        22.3064214411187        25.0266558069162     
   3.07415131811880        2.75034629630367       -9.94323694581110D-002
   23.8063939356465        22.4808076622702        27.2193208576726     
   2.97335683608046        1.26564384411421       -7.00788346811421D-002
   26.2663646027208       -1.54256427788758        25.2262981566099     
  -3.47205038953063        3.60841041367970       -3.33550979147602     
   25.0835959219939       -2.85966757582185        27.6484217542379     
   2.95981840864599       0.252375798731384       -1.90806997600147     
   23.9639867002408       -3.44236227812160        24.9268519708796     
  -4.16220773995728        3.86646426671936       0.123265024417577     
   19.9122105210967        27.1614245487819        19.4016496184548     
   2.67550282862116       -1.28310260338659       -2.83551226567967     
   19.7390660406097        28.3614492433562        16.6575747289116     
  -3.29884496524944       0.974497116793292       -1.54916175155752     
   18.5212722853257        25.6737069904595        17.1988879142171     
   1.75863316440923D-002 -0.574562499847675       -1.65574598122124     
   25.8580280190027        25.5124611855174        4.14017097606240     
   2.54946404754438       -1.51318204486301       -4.44950926437993     
   27.8880039113693        27.6436111103768        3.55938344342154     
   1.08391526422171        1.10675928651466      -0.191805542490492     
   24.9614850221949        28.2992769979102        3.48462087447539     
  0.520452717911081       -1.51382219423459       -1.76373686998653     
   12.3506386898211        14.4875406198096        27.7219151887393     
   7.08957750666031D-002 -0.524659155463802        1.59059413592144     
   15.2867907268804        15.0479968768659        27.9770270886381     
  0.486769631852348       -2.63373055659473        1.53373974192549     
   13.3377546709608        17.3199468860237        27.7782769611958     
   2.22781319403049       -1.23738480998582       0.255751503350133     
   5.27593029526204       0.615278188303865        2.10504908513556     
   3.47558178394155       0.408682744227433        1.97607823716519     
   7.62873315640142        2.39251899065442        1.55207373964475     
  -7.61570408901502D-002   4.10377140828402       -1.61355825494078     
   4.87647991228181        3.56830366023126        1.75855010914824     
  -2.29845078321700      -0.808595186038005       -2.53768390901012     
   14.9636447897393        26.5970724291746        21.7373906812269     
   1.53104108445580      -0.450758339466445        1.95863212249000     
   16.3088160064364        27.7812457665956        19.3314292803610     
  -2.99045459711379       -9.24019160629701D-002 -0.448945404730369     
   14.2874453729480        29.3854809620801        20.8612953528293     
 -0.218103654421362      -0.358609499048086        3.57141218514712     
   24.3755557335128        11.0491101075211        7.27669031895397     
   2.31505260638746        4.01529993247972       0.467395626566538     
   23.1752641152591        8.96570345042598        9.07068149687149     
  0.378455472979224        4.06305510545225      -0.759137857034459     
   26.0299829744342        9.80673357791607        9.44916345495663     
   1.95790459322094      -0.646808733368730       -1.86421717865820     
   15.9710936884019        16.9702296330948      -0.993318141985749     
  0.865978993730830       -1.16632488912556       0.318164358885828     
   17.3414343161334        18.9452977911910       0.801497988174287     
  0.211291216967637       -2.75151926545653        2.58501204844176     
   14.9056656422303        17.4822075739089        1.76399369395113     
  -2.36276150912205      -0.876747338154817      -0.961242065686054     
   11.4130071160048        13.5640241097105        8.16866530999253     
 -0.490230256733257       -1.27475286290694       -3.12942784027163     
   13.6462054395694        11.8841701344305        9.25993250790952     
 -0.815034974560871      -0.227074160643304      -0.783544774116344     
   11.4110344165789        10.5965373695718        7.72826271232454     
 -0.786022781953566       -1.84160843945096       0.517376163513927     
   10.9600858704328        12.0539238411009        24.2404086939364     
   2.85736986720173D-002  -2.03168161918615      -0.723025108206815     
   8.14497177410158        11.5464913043785        23.3361983501158     
 -0.482856174246844        3.13461419325919       -2.19079591665721     
   8.90770612292214        14.2337344083846        24.4302553958533     
   3.78132250699652        1.61982507287696       -1.34611647689699     
   6.84566540300243        1.45909431151837        26.7217976539213     
 -0.899534713282760       0.951036913089660       -2.94905126769742     
   9.65722260900318        1.08312625170423        25.7453293396762     
 -0.184178603725076       -1.46925222954231       -3.51987605007902D-002
   9.14445120415899        1.72163219262393        28.6313951139966     
  -2.68233585019253       -2.02520750446214      -0.344538558938024     
   7.93291997769421        6.85409470901244        20.8792193564493     
  0.240423655107940       0.670292461614610        3.25142960176534D-002
   5.08526750340402        5.95178435076940        21.1562814279277     
   1.10487856256134      -0.689259868476551        4.98100838112927     
   5.85337401044633        7.83868255681912        18.9540944344398     
  -2.95209210787095       -2.92268704622189        1.57730222597342     
   14.8590338358523        27.6961762244173        27.7593120698524     
  0.659520958828310        1.14270666921699       -2.42068737622629     
   14.8329283338449        27.0178887091479        30.6815644038265     
  -2.19347226786209        2.00555818032754       -2.22551852536080     
   14.7626056211255        24.8277068596902        28.6326236565486     
   3.06094200313892        1.27198387725707       -1.69109932501349     
   23.2457091890486        15.1231724727810        14.5997225571054     
 -0.534648264308272       0.314656960930490      -0.447108372996920     
   25.3238544458079        13.1193926362684        15.4160085484778     
  -1.95314989075122      -0.422597918273856        1.39054390119837     
   24.6245238728883        13.4596254698527        12.5185651235502     
   2.94886863346020        2.04099850926753       0.443185216307540     
  0.621948185332058        25.0476347860820       -5.21661181763697     
  0.589586208275284        1.32504412110898       -2.26356361890632D-002
  0.201734531660328        25.3239082916057       -2.25907918472933     
  0.757940363504523        2.11415591914258       -7.12882072319522D-002
   1.74564932584743        22.9913757441660       -3.34333885145275     
  0.246567172382804        1.54377441053867       0.423756777987983     
   26.8988413990806        17.5121327401089        5.82311751908941     
  -2.17853269756336        1.05328089268069        2.86861196831959     
   26.2432431130550        14.6264071433722        5.33021853444394     
  0.796710262969698        1.20246835074062       -2.32156500154240     
   24.1451927614439        16.4776370049252        6.41240739138478     
  -1.47074471585830       -2.61575550007858       -7.14104198926835D-002
   30.7708191515036        4.45772098427276        16.5093231392277     
  0.332716289031297        1.42782469608277       0.161157903661193     
   28.7699460800063        2.66796853550211        17.8485156735461     
 -0.490995202202058        3.40506558735306        1.59786309733086     
   30.8817492413608        4.04080783525993        19.4781167516095     
   4.02785351668229       -1.12926258720296      -0.301422660079713     
   28.4439559270037        23.7417145076439        20.7740680202759     
  -2.34559755844792       0.199161145540166       -3.93877357017967     
   30.5933962866462        21.9815279976144        19.6420038816367     
  -1.18884370841806       -1.77957130586787        1.19460481256112     
   27.7482149578287        21.6329341741434        18.7568905823995     
 -0.525094266902385       -4.24947713149906       -1.14228273848318D-002
   12.7346720436466        8.28883346819171        28.5487873106284     
  -1.21607751906358      -0.359429069379070       -2.91973561497905     
   10.4718317547802        6.46296742756612        27.8098936826188     
  -4.57161236508073        2.00613118371852        1.27781897225161     
   9.96943271567472        9.39592062173932        28.1911819836476     
   8.93359054778218D-002   3.28303625854188       -1.95930478725959     
   24.0929662981527        21.3797328428925        2.17717029406933     
  -1.56577270032145       -2.19588030802154D-003   3.15777590918651     
   26.0886840196330        20.4671093377283        4.22265837496426     
  0.464890595627305       -1.10033089460251       0.714979783528341     
   23.1733678392677        19.8683293750168        4.60000984969629     
   1.01894379556168       -2.75429465639883        2.45119801193838     
   5.20038030084429        30.1404298835993        20.3417494590176     
  -2.84454326563797        4.50019135243827       0.615032605220532     
   8.03444197247528        31.0264731370472        20.7694810718603     
 -0.823266345182276       -2.16180855389609        1.60117144906784     
   5.85550155056065        32.0541172393815        22.5572635649836     
   1.04030209852255        2.42129402686608        1.30674431381175     
   29.3907616130959        2.05731958782569        9.75470430640055     
  0.972100686523193        4.39091675051975D-002  0.408507230326798     
   29.4493733281929        4.57809821402279        11.3801670392031     
 -0.679168575680760        1.26732524811100       -1.40586142420877     
   28.2682506467175        4.59861149353855        8.62253609640674     
  0.976799553276906       -1.07786079047046       -2.14851965598746     
   17.2162386810212        8.25704051871755        15.8046338426233     
  -3.30856544951355       0.327143790172692       -1.47809509992109     
   17.9409453239648        5.51778307565236        16.7901934889982     
   2.03557397000919        3.01715403962855        2.32550260945483     
   18.3077312561068        6.21622110698821        13.8957760351692     
  0.152957378490204      -0.405147894881876        1.23269681808021     
   16.8448096335840        26.8419073618632        24.5963211925441     
   1.37213479920772      -0.290472006165841       0.760633813357289     
   17.6310499628276        24.6969557072604        22.6518465142786     
  0.722429621014837       -1.59951426070980        1.93337253850358     
   15.4406379755586        24.1911743444655        24.6383712557949     
  -2.20056875030867        1.55035958910407      -0.427149115843828     
   11.3256592781359       -1.55891487208591        23.4664510192451     
  0.922618081955550       0.977712719149061       -1.50950712622511     
   11.4790587179090       -1.67113220164608        26.4604262320423     
 -0.348944167037126       -1.12960368224990       -1.51323058804947     
   13.7664718034116      -0.540590869998616        24.8825739973011     
 -0.127862683242251       0.994642001726450       0.304383926886028     
   9.89268681706566        17.5723530721511        14.2446973336101     
   1.83580063050692        1.04126685415610       -1.85614659012733     
   11.2677836748176        16.1771583523460        11.9725902309933     
   2.18829835589832      -0.873495370158938      -0.479663572549578     
   12.6192961462289        16.3861417592138        14.6427475253984     
   1.35813821854942       0.497359705082309      -0.161767267399400     
   15.5467075670045        19.9220831043118        8.25141507473028     
  0.936763383720240       0.806899988509594      -0.487535703013667     
   15.9699474822852        21.9399991055377        6.07219551906892     
  0.451769744723735       0.573954013934508      -0.798445155826042     
   13.1999347138688        21.3751726432969        7.07618771561487     
  0.843224644671101        1.93039428504301        1.07203524839746     
   16.5111221769569        21.9240037046945        28.4734861928526     
   2.43499577657255       -3.56652048704378        1.60619554707694     
   15.7856309280422        21.8557625455927        31.3836286001824     
  -8.37212047691573D-002 -0.339693499219708        1.08301528576050     
   14.8030839076259        19.7011129433500        29.5418668222144     
  -3.85473927201549        1.04530943984360        1.43035082519104     
   12.3128009910990        22.3744662366149        30.7345362084708     
  0.161155861833222       0.561638878267890       -1.46025297151517     
   10.4788387798621        24.4738699198099        31.8431940081733     
   1.31370224026555       0.673727810420400       0.253081364073047     
   9.41379305965189        22.3929931493542        29.9628670467457     
 -0.185771426737072        1.79889366679736      -0.152549340660381     
   13.3698349533140        13.5427326455660        2.89559624608561     
  -2.00273267054646        2.30798515837632      -0.693432556481174     
   12.1579923436863        14.5921397474739       0.359740337422698     
  0.848761608486929        1.16332205870079       -2.55172996238014     
   15.0723650737695        13.8861826211588       0.449496263655478     
  0.264910306058622      -0.968920577135508       0.389275015066778     
   20.7186231028895        20.6829301956602        20.9468340480282     
   1.39633774634739      -0.718397172124173      -0.388651010633227     
   21.9167629653493        22.4263613164323        23.0739986462112     
  0.304985961704230      -0.829356472281696       0.321135535681144     
   19.9441014986160        20.2923383676871        23.8186816611961     
 -0.382588596973088      -0.605892432799458      -0.847195118937975     
   29.1965524357247        6.18927936269487        32.0420328499086     
   2.85113367941663        3.40654210658819       -4.11435772057640     
   26.3581660691703        5.24005130599759        32.2475552471762     
   4.74517745376612      -0.889038576324598        4.56881131344677     
   27.0736386226583        8.02587985610631        33.1003496650782     
   2.78003311833050        1.13901223847084      -0.225979718835092     
   2.79210727126412        16.9314616444876        24.4971393632245     
  -1.47422985253644        3.86213196527264        2.64395000186198     
   5.73416441553082        17.4751598008373        24.7176879337677     
 -0.566684418581344      -0.676069045038340        2.21503665796299     
   4.03979633062177        19.1182740610883        22.8658530812560     
   1.99739791497223       0.862540512122156        1.20729296479769     
   15.7356945034620        1.40307340610220        15.1274627627937     
 -0.415205672715573       0.175228232682502      -0.802359136814627     
   17.9630742375013      -0.528168149777213        14.5715933792316     
 -0.617346523842322       0.366415666134700       -2.33014316287050     
   16.0409319861763       -1.06002060528994        16.8126873378494     
 -0.342886234761550      -0.908221569226124       -2.39343710654445     
   9.36945188441816        5.65839421834449        9.07658080148648     
 -0.335228711507430       -1.54869729515376       0.351220202761236     
   11.1080811136985        4.46169117824839        6.94469053513875     
  -2.47047289638605       -1.24331360893173       -1.58093338330002     
   9.36990242232496        6.82358530861496        6.31208405453444     
  -1.14885176964177       0.501916763575021        1.20449479220881     
   7.88154616263647        12.6848146490935        8.13142772315769     
   1.93531664081913        4.17607022901532       -3.92267240361124     
   5.45189589963872        14.4299399213859        8.35738937897541     
  -1.22682443319991      -0.622452349374040       0.236137227147822     
   7.65213024618119        14.6522818295646        10.3845876754001     
  0.651774190240541        1.90062435102571       -2.04233250313602     
  0.496085358960922        12.7334962350980        18.0563199351067     
  0.872070127911015       -2.20346142822734      -0.425125333357264     
   1.18321494976974        9.89776313370498        17.3585635389903     
 -0.530011794073336       -2.24231037682510       -1.67600789578584     
  -1.01227854296619        11.3152704888634        15.8853082196745     
  -1.91679821419240       -1.52567748134561        1.04671292916707     
   6.33971911204934        24.2669117381279        9.51740548046148     
  -1.00820279877004       -1.53067135547910      -0.211572838066025     
   3.63545663075459        25.3075881624228        8.74033072580908     
  0.903288223542439       0.461494797367757       -4.35568963291380     
   5.85740558115676        25.2528448770513        6.72539994918092     
   4.40216974008053       0.297945787028748      -0.559095635004154     
   3.76567669295593        4.92441080916388        15.2168385209366     
  -1.21330103333264       0.577113453007066       0.341001610977766     
   2.91344680580477        6.27841286883519        17.7546659437726     
  -1.18564556498387        1.02984464004739       0.109562303581373     
   3.30227628116902        7.88818599091638        15.2531779596392     
  -1.61514644866934       0.522541749149220      -0.284855779017839     
   22.5857598953266        2.46441571165330        7.25178405811030     
  -2.64184468915985        1.85760166406988       -1.30396855326013     
   25.5009017453958        3.11271047151056        7.53759511097144     
  -2.27170336316983      -0.606807843881856       0.682912955563511     
   23.4360820701069        5.22504258363332        8.06159202070653     
 -0.879305778121785       0.881400753893128       0.212175042531660     
   6.17697586084665        19.5495956568569        5.37669008451449     
  -2.15661349727440       -1.69002232195883      -0.364980203467841     
   6.84008867808671        22.3992976364707        4.71345116962502     
  -2.02008693823518       -1.36687083420485        1.13274618467690     
   8.86894012601126        20.2392821252881        4.24644494604298     
 -0.705556517906273      -0.688998453175223        3.61865671288473     
   19.5902135157344        2.40313829178757        28.6032729457903     
  -2.17166825622291       -2.36937866658380        3.16102971425455     
   17.1616883560472        1.47319595283658        27.1075572639348     
 -0.917224705386201       0.172800723615999      -0.529777498578284     
   19.7447066911128       -3.20420295499798D-002   26.8580078703602     
  0.117931907316914        2.38992167520688       -3.48315810176591     
   3.40518128096815        27.3859153964558        18.0352263713257     
  -2.04375845018966       0.204821149733425       -1.33471367353341     
   5.17034680042173        27.1351925785976        15.6224940596933     
   1.83989112925554       -1.06011570111117        1.58563087054232     
   3.23618059061110        24.9443638393152        16.3001890586274     
  -4.24220994483588D-002 -0.209769742120150      -0.958365732637565     
   3.29594107251410        2.43921145889481        24.7455920377513     
   1.61764150273709      -0.969580046079750        3.73873852753658     
   2.71838223157097        5.34079461522978        25.2425246999025     
 -0.846450655381355      -0.760823771511116      -0.132617379911457     
   5.55609852166367        4.37382489192571        25.1314579938510     
  0.125347093291597        2.35234897270854       -3.35319935404634     
  0.114804464116741        31.1550496796581        6.80747485456844     
  -3.96009622502556D-002  0.509776987236248       -1.69049445992482     
   3.01290993194655        30.3845315712300        6.72106566069684     
 -0.293629092967488      -0.889216565920958        1.55809322807963     
   1.94999945623503        31.9672772277962        9.03734230821420     
  -1.97707130958266       0.275228964357818        4.15695142236427D-003
   11.0042736734840        11.9445144384255      -0.895646722576899     
   1.47111765367549        3.03764406430500        2.55181469862051     
   8.68890539219512        13.4854255810424       0.228929855070535     
 -0.952993274737044       0.907044610696655       0.536082454523115     
   9.12672578370854        10.6306605173103        1.04048991810179     
  0.802802609486951        1.21206055023597       0.681494188187423     
   26.3969723278731        21.4321455235274        10.8842990257308     
   1.50932143895710       -2.24042291195886        2.41909733193314     
   27.3395358171343        18.8043759933160        9.78589074834130     
   2.33817599818569      -0.537865250938343       -1.01334614931467     
   25.5411239453979        20.5576109207551        8.14519515529907     
  -1.74893729134078      -0.895484114429733        2.98449929706460     
   28.6772702306312        23.4375400984515        31.1345372325858     
  0.685576352160691        1.80359657681970        2.03658398284183D-002
   28.7710202395820        21.6228783059827        33.5216254064864     
   7.33223942659632        1.32443661618066      -0.510440903058878     
   29.7637604556958        24.4451897657615        33.7430410623671     
   3.96944795337153        2.62083783552376       -1.63588714589002     
   5.18852141089392        14.9553531910362        1.33024006208795     
   1.98175352787794       0.688953488401511        1.79239935480871     
   2.89748386887605        16.8894566161440        1.22752360306266     
   1.75326604729599       0.216877682164649       -3.28428949393910     
   2.53088241292933        14.0766483014131       0.250941421018389     
   2.96038849723943       -1.52465127132568        1.15474183146996     
   27.2980768102717        25.8327382669616        28.8209890106406     
   2.68411009884749       -1.66488143804899      -0.180392951719895     
   28.4763259832390        28.1785726260909        27.3688161258241     
   1.46406807088972      -0.379103154703472       0.891552573605498     
   27.6341640156176        28.4573427692875        30.2346581361459     
 -0.317985028706925       -1.62766920320507       0.497858057049482     
   13.0296796464807        16.4253500895687        24.0169678813021     
  -2.43689172729331        1.44835194614421       -1.25189375059903     
   14.8742946154794        14.0770007555602        23.7292882248504     
 -0.456770442306458        2.41255056560566        3.15046962550304     
   14.3014450371237        15.8328936997245        21.3652486039401     
   2.82443229323016        1.03582125692665        1.29877599650480     
   2.42145437205975        9.11821191489897        8.56781102864738     
  -3.40740225624751       0.998580987709846       -1.79792506152853     
   3.71142080890189        10.9936505098114        10.5219760313559     
  -2.57867160982983      -0.756843695999537      -0.647763359277353     
   3.63578413897848        11.6865931073529        7.60408130199227     
  0.649549058424157      -0.460902468482596      -0.679173482344382     
   6.80673826145014        16.1144178063658        29.5903185075411     
  -1.52916657399426        2.92999352364391       -2.83002099939640     
   9.23727719844856        15.3488466254588        28.0071911293718     
  -6.80420385998377D-002  0.546249442348932       0.493723676998223     
   6.67483941943339        13.8301904893212        27.6499850698763     
   1.17187527656172       -2.12995953858541        2.78191105197675     
   25.7575048930710        26.2124128235568        18.3419360904560     
  0.245710831802209       -1.35438930190178        2.52626907763268     
   23.2247590862341        27.7539612820353        18.7987802990637     
   6.63157325460273D-002 -0.492979688527867       -1.21445016517361     
   25.7482385691473        29.1992999807169        18.0618628371886     
   1.72946659296971       -1.32845533919401        2.71394100015150     
   25.2741241197198        24.2652173761900        15.3938319335498     
  0.713590695677982        1.07210353351547        3.28186981737049     
   27.8497819466327        25.8030802467951        15.3610264691313     
   2.26193890876135       -1.52003136228064       -1.44109295762104     
   26.6523853897686        24.8274695330538        12.7891739809211     
  -2.96809612703721       -1.17703068869859       0.800602577640425     
   13.9139254011940        4.02879350209156        12.1808528835108     
 -0.369787494678068       0.447059618464700       -1.43815936896874     
   15.4303881992316        2.46798575007077        10.1158668161845     
  0.411710670494100       -3.00443071308803        1.69026757004641     
   16.5710088367695        5.02077160377849        11.2031887316986     
  0.489670522664057       -1.72909265463747       -1.33609497412492     
   32.0179897369521        30.1323088262031        28.3753508949602     
  -1.36332949555525       -1.20853016527041        2.08550925598396     
   30.0453230225725        31.8477962442437        26.9037020301286     
  -1.37606060577407       -2.34109964662783       0.772271811243140     
   31.1925191064094        32.7825016880676        29.5133508338922     
   1.57053125762225        1.44093805921539       -1.82074382958656     
   10.1419675739695       -3.00867808330252        30.2489264774617     
 -0.680151171297956      -0.475505450557622      -0.658774270691126     
   11.7872870615869       -2.54618036777285        32.7145012649532     
  -6.80107820380515D-002  -1.01881159885568      -0.963829405704924     
   10.1212610448324      -0.322177126570583        31.5839408310056     
 -0.732244907899521      -0.910641120248696       0.219597637344963     
  -3.17088068525660        20.1760095035435        24.8759313610113     
  -1.04705863673970       0.785912739926097      -0.425880011065256     
 -0.674394574515647        18.5613703275826        25.2765747493603     
  -1.17008198638164       0.594814133828501      -0.428669902041123     
 -0.919005076247615        20.3815565258506        22.9044263757628     
  -1.54687363489787      -0.353594907685761       -1.12074970750310     
   18.1954072404888        24.9185289411894        29.5409849919190     
   2.87223076451561       -2.77002289539078        1.09905581560291     
   18.3864119326746        25.9092079073583        32.3663283284234     
  -3.41872626893228       0.662544135894717       0.413401818148699     
   18.3798264535275        27.8622423836413        30.0891342286126     
  0.298429657295042       -2.01262607830362       -1.95002281643520     
   3.37964231787910        4.43653328039828        10.2875625473513     
  0.355227319013449       0.111068495839722        1.30662859887613     
   5.69865651543341        5.98136411955452        9.17561166593658     
 -0.445653275554039        1.88601560271702        2.09315798869184     
   5.74734034973989        5.04687908909329        12.0259393155175     
 -0.531641673379595        1.59792971748085        2.00035027313657     
   11.8327922829212       -1.28091012561200        9.59777976406882     
   2.41717389960950       -1.36496543678394       0.884474689198783     
   11.6161350442411       -2.38491997329680        12.3788136983281     
   2.38247892319102       0.505605780598976        1.63152415649357     
   10.4510321302910       -3.90196069772429        10.0677268024128     
  0.492741876660895       -5.98095751035355D-003   2.90820585332478     
   18.3773229656575        15.5585624453843        25.7319784064598     
  0.866837508456613      -0.495553142547956       -3.39252846706856     
   20.7845859839580        14.0322145657620        26.6676950720955     
  0.480182348135465        1.12818737067186       0.340229498275968     
   18.9205006866917        12.8097732076661        24.6600040772924     
   2.79602343677794       -1.32845389576679      -0.343718080465128     
   32.1803710845856        5.12610297442990        2.73006997542802     
   1.35070912918997       -2.29621035357222       -1.63099743009616     
   29.6644744110106        4.24602276631401        4.10681558903927     
   5.01206785440695D-002 -0.390655811490722       -2.76770401101036     
   31.2039109212245        2.30727040313977        2.41230252103060     
 -0.499976347423440       -1.63808332400556       -1.84821124267543     
   13.1693373999696        1.60718494715705        30.8907311485991     
   2.00711603153594        1.99066834436950        3.19381056444818     
   13.7228737178889        1.98423582200989        27.9664379534106     
 -0.470369324659319        2.76858221673577        2.81333665748751     
   14.3591873552479      -0.632585342604171        29.2883123608184     
 -0.378243144898286        2.03641017587203        1.32994358675468     
   11.3258936980046        17.4135423428717        7.54836346383941     
 -0.415412510658766       0.385888844188522       -1.56518880463729     
   13.8390719372790        16.6366396471935        8.99070547267693     
 -0.200971746131159       0.171917176706861       -2.05264310362559     
   13.7149483860051        16.4710135511378        5.99785376559869     
 -0.210079923302717        1.85521039609371       -2.15016951832393     
   24.3203342346713        9.20441028990670        25.1899921238629     
  -4.17068656421596       -1.68905033584831        1.87455433316087     
   22.6572156018759        11.1720328599673        23.6529813567400     
  -7.47857508942311D-002 -0.472474245909661       -1.08792195421478     
   25.2177131882278        12.0562905900506        24.9421440224564     
  0.591042538366713       -3.33248979697150      -0.413430738459468     
   10.5432256816073        29.7647044243687        17.7527374859486     
  0.474536139252762       0.446693160069091        3.53308202161475     
   12.5802368880805        30.0893885696038        15.5744388984451     
  -2.42911260467291       -1.46408357392587       0.484164635888414     
   12.3006545840097        27.4572738596708        16.9864608137667     
  -2.69472171874126       -1.16451747828857       0.991466203491392     
   6.66479801985302        6.63016306294925        32.0517164833847     
   1.11003758157541        1.97655772088766       0.573612345566029     
   7.02900284661143        7.76775700634772        29.2997283433270     
  -1.73047587102226       -1.58345287618741       -1.31864875262730     
   7.95400165171319        4.97873224941242        29.9044746692630     
   9.20341708353738D-002 -0.343559706684885        1.72891986355180     
   20.4942790134257        11.0313140248573        17.4972528619740     
 -0.113458068911111      -0.828251062450581       -2.48902641527408     
   20.3968984855815        12.0136555915242        20.3301983843287     
  -1.60080867298225       -1.55036201200054       -2.28522128239103     
   22.7731254422420        12.6355456600843        18.6077587785041     
  -1.17422654823778      -0.192491073272452       -1.21566056779813     
   24.2167480894332        29.1631628125085        8.25546683488151     
   3.17980988703638        3.02319609921066        2.07520843083058     
   22.3654698322088        30.6421777805797        6.41558089081841     
   2.40745860121888       -1.42089785483152      -0.797766677544463     
   21.9445118499720        30.7646045400304        9.38337570784101     
 -0.126037216597249       0.743311666769877       -1.22738452498867     
   7.10588968141728        23.8781725014152        32.8560440810506     
 -0.857012642074663       -3.70730442805830       -8.62508779028932D-002
   5.87840942221252        22.5474928911660        30.4639280229370     
   2.77816587748445       -1.52406133044367       -3.22422201580552     
   4.76715977764798        25.1463175327786        31.4695297047766     
 -0.288510154749972       -3.65831276752316       -1.00350397779119     
   4.52561113357803        13.2927023916988        16.6949632261321     
  0.136414371101809        1.06895715402776        1.02217096098842     
   6.80693439524948        15.2049097781806        17.0675551410935     
   4.61976399332234       -3.98427724436078       0.126162262205928     
   7.20933645427479        12.6761611457488        15.5043843452463     
  -2.15431251032555       -4.06364180072301       -1.64612415606579     
   22.0253259036099        17.6430842131656        20.8611156898277     
  0.986611376733753       -2.58234984999244       0.349891010344916     
   23.5337876509509        19.0616188604179        23.0319805337261     
  0.650809639829704       0.557510720336138       -1.43894610177944     
   24.7265913629893        16.6489875018731        21.7066770843415     
   2.06130341399585       0.273126965832367       0.328635370342375     
   21.7112001053870       -2.35136313252613        22.2840513701644     
  -1.28489690694430       -2.16417017036528        2.29866266081352     
   24.1582010570073      -0.621252217060001        22.4210329224412     
  -1.51793532499857       -1.77017142482058        1.50648326111880     
   22.0486128987485       -7.51651518730958D-002   20.3591341026016     
  -2.81447894238945       -1.40190030961885        2.92129024598427     
   29.1331794411012        19.5999802847886        30.5450812605495     
  -1.92313705946954        2.79583440665945        2.72538237156405     
   28.8793414722114        16.7069396789129        31.2973088616505     
  -1.28166285763342        2.47575446781144        1.72092512903087     
   26.8293143779043        18.6861798447216        32.2353905633346     
  -1.50543049592128        1.76461814064266        2.74083617514743     
   15.4723348846210        29.8053737014936        5.54137004131164     
 -0.194664503713200       0.666948128893374       -1.65361909243550     
   12.9190967781879        28.3323391661019        6.09935978340321     
  0.563217729178473       -1.23437736731231       -3.12665340059164     
   14.3851959998168        27.8703601627834        3.52309726732352     
   1.91751241208882       0.542407478135478       -2.68463320711977     
   6.95629659186796        28.1872305918875        11.8511811947100     
 -0.681546545723232      -0.112269610226889        1.02691394856101     
   6.38428725418397        29.1510748129462        9.06855929224063     
 -0.504939067642859      -0.451172297725916       0.875397081114343     
   8.12152886331279        30.7801636349016        10.8928567829579     
  -1.17734303730311       0.105399397433033        1.02084613705696     
   32.2102115587987        5.85545854519882        7.94547977494448     
  0.515074946596684      -0.500846526764144      -0.997448603823512     
   31.9589560419002        3.31235258455435        6.37408549174137     
   1.26807135375619       0.331562475341521       -2.47568495591506     
   34.6159828101940        4.68928647349673        6.58447042162332     
   1.64480151193861      -0.918310818203158        1.33167573942933     
   2.91613001593515        10.6015410430868        9.17094236581958D-002
  0.351013114281137       -9.70302572193740D-002   1.09020649987128     
   3.14019964914225        11.4066847459165       -2.78953635840746     
  -3.74051570930676        1.40517879110291        1.15958898129625     
   5.53264441931981        11.5941724274873      -0.989242939633881     
  -1.42956768933325        1.43872416426224       -1.87456436923379     
   9.43942637271655       -1.28127547061811        6.10022860929267     
   1.82843544238297        1.61817108601160       0.993370301076032     
   11.6295248193943      -0.829646229463900        4.10036736477423     
   2.24893134997843       -1.21085420012207       0.794724300752277     
   11.1062431143617        1.20926711244185        6.23789131594500     
   1.30347099001232        2.19753646831415       -2.63116324051331     
  0.473136619952768        10.7854874182211        21.4455954642453     
  -2.65291131613873        9.08164439986914D-002  -1.22979989329936     
  -1.60541290877436        9.01741165801588        20.1991080892674     
  -2.70019099719337       -1.70350917198126        1.35400881650953     
  0.768988450240673        7.80281266914678        21.5727774394851     
  -1.28184224382518       0.299416800630493       0.696863046869729     
   5.91830146405702        27.1658037247843        2.24875715363891     
  -1.80659811631546      -0.588520319950188      -0.189042268809344     
   7.99314682692868        29.2391405532773        1.61898834933593     
  0.910116200531572       -3.22487302540629       -2.75027345286855D-002
   8.26393493837330        27.5452274932372        4.08015318414730     
  -3.29100155822018       -1.22431686598782        1.86286494403060     
   34.0065636486266        16.4729940068823        17.2344645197158     
  0.144622254540857       -3.36466159286748       -1.64187366272594     
   31.2739722056709        15.7778169991524        18.2589309690036     
  0.181711439144972       -2.61720547937183       -1.03155528871003     
   31.7039529966415        16.2382287574460        15.3258204130459     
 -0.836789314412802      -0.423123091969135      -0.846489771300549     
   20.6600629904336        3.39940458410527        17.8072520768225     
 -0.130938514982607        3.80062899791017       -1.28449603748717     
   23.2474192396886        4.08855569699926        19.1601725226095     
 -0.411229920661215        4.18515502473955      -0.942896143223975     
   23.2198904617273        3.38933611561480        16.2429248222723     
  0.841197014960789       -1.06428688244230       0.251133493527094     
   8.94829604707287        20.2061247729812        24.5473676659436     
  0.736378597530798       -2.57765393802503D-002  -1.52189390485051     
   10.2776313862426        17.5736334188770        25.0975528515887     
 -0.450056802643398      -0.969268796586321       -3.12800841996814     
   8.54443975960152        18.8451600822592        27.1902226128438     
  0.456423828445891       -1.26002150548305       -2.19633933598250     
   20.2759908127084        21.0821566889096        28.5650419984730     
  0.875912935004490       0.116818536261717        1.86812213512374     
   22.5132070498361        21.3043773526589        30.5513896229476     
 -0.548675466714606       -5.27303401091320        4.16603978074273     
   19.8546896025123        22.5640157809597        31.1392637696672     
   1.77619676079900        1.11673368320243        1.44457156508430     
   21.6016719032696        8.56015056307207        21.3148057682412     
   1.21135227503244        4.31655138647774       -1.42303245496358     
   21.8179727487678        8.35613340574403        18.3295605523435     
   2.03343944790393D-002  0.543043526626211       -1.27773918985362     
   19.1200427963674        8.35639620089724        19.6414957273447     
  0.632454705143323       -1.08643474245058       -8.56326771918603D-004
   19.0880398835986        3.27609170516057        1.51106846122547     
  0.567524687534412      -0.738786780650242        1.04825079460697     
   16.1531432089389        3.74036080188801        1.09782635882070     
  0.762201971805936       0.887837680338909        1.57461710233731     
   17.5502363201666        1.54756245769475      -0.398758508172192     
 -0.233259827119442        1.63481057521900      -0.468247575460293     
   13.6067167901792        23.0924220433729        9.98888770051042     
  -2.01476068991541        1.17005282519772        2.34631110265562     
   15.8319131591763        24.7651187298534        8.87065592305376     
 -0.434569816331541       -3.34126000207598       -1.42239827167645     
   12.9773043414865        25.4959430025156        8.30753570445373     
  0.154208084848453       -4.56028512474957D-002 -0.241821299540511     
  0.712307265652730        17.1215766485956        22.0016033673163     
  -2.34858352220342       0.130779874461389      -0.478156988166314     
   1.45238241700992        14.2878209700423        21.3521009361174     
 -0.541356670502684       0.238720770588693        1.06793319943417     
 -0.370441450556971        14.8701788964338        23.6625494639894     
   1.55208003950006       0.517294940985146        2.66449853924870     
   5.45405083669447        16.4285221405679        4.32629766746827     
   2.11769766333508        3.44460208352482D-003  -2.13501217977012     
   3.49144954645247        17.8828565497455        6.06785879101157     
   3.88835072169197        2.83800275402601D-003 -0.119100936397692     
   3.24111955641349        14.9189868681773        5.67694779487237     
   4.50182213389528      -0.271393022345989        1.52683070851952     
   20.1296329770719        21.1990196231335        5.83023126374643     
  -3.87484109902871       -3.44971852117223        1.94405225794171     
   19.2043769330851        21.3613726566360        2.98110072035863     
  -2.54032813297409      -0.945489623233505        1.63925743999262     
   18.1720523590062        19.1871347539276        4.77190934408474     
  -1.40299685217252       -4.10037144406303       -1.47697724263603     
   28.6052045863812        27.3629646497154        20.1521832534338     
  -2.06301042434402        1.02847441418694       0.554576397416510     
   30.7407623771753        26.2083960808840        21.9146243937495     
  -8.97100343339572D-002  0.379806273530658       -2.22698055187106     
   28.3445713055149        27.5377698680663        23.1357032973792     
   2.69874929993724        2.59978863906004       0.920689349939803     
   30.6376858229994        22.3405839059379        5.36630731513368     
  -2.92270453767189       -1.32962967362285       0.461531376877888     
   29.5679741392834        21.2139072179189        7.93270093636202     
 -0.789976880885463        2.05655234260283        2.87943979025375     
   27.7775261871771        22.8163657872935        6.13647637773163     
  -2.44211003493727      -0.805350313628809        1.94022940628675     
   8.88644360671253        24.5323965376150        13.2848250824020     
   2.48152739532910        1.15932699730718       -1.64273350914737     
   8.84993806580391        27.1368047031201        14.7733393409114     
 -0.701808096384509        1.72940315441249       -2.67908927248206     
   7.69663909710898        24.6715670983357        16.0352842846935     
  0.684297295276993        1.21114129725352       -2.41580416123038     
   9.80888453837788        22.0615793600242        8.26903404411279     
  -1.72644074443653      -0.563793050467678       -1.53065081228738     
   10.2649413869738        24.2497817822195        10.2699809545061     
 -0.180883987603784       -1.08516489817136       -1.30679870781452     
   9.82774907112512        24.9268129683269        7.38025922682286     
   2.45458748487015      -0.581835918740872       -1.60020547212701     
   18.9390032620784        17.1445879685930        28.9714061738219     
   1.01472396418918       0.629578790998214       0.833018654983142     
   21.8704338160466        17.3611500000329        28.3714354760383     
  0.421602012516607        3.07798408288824       -1.26951695136601     
   20.8459518093602        18.0344669440222        31.1095152632926     
   2.20600728955047      -0.900792021680401       0.416465700068843     
   23.0396972982040        13.0934579465791        3.88268273404421     
 -0.285811489548339       -2.51981760312639        4.34628244324549D-002
   24.4091700785390        10.6154825082607        2.89075090236875     
   1.87727456659947      -0.102513435701559       -3.11050369886832     
   22.4953312240013        12.0867594759501        1.10958136219303     
   3.35064553831503        2.49604693532592       -2.57302181512715     
   30.0021557956739        20.9069668634505        12.5646948511020     
  -2.94280378111824       -2.84389568761524        1.55971229732592     
   31.9744198867394        20.3712114441702        14.7607791229738     
  -2.03704820402370       -1.12018565057253        1.17596857529191     
   29.0306479841422        20.2158769591670        15.3176257669772     
  -1.80583674549944       -1.53768948563083        2.29509552789563     
   14.9542022962257        10.9327089313761        15.5685041597270     
   1.68792405268319      -0.161803392348118        2.63339104803224     
   17.8178768990930        11.3247893950853        14.7650815948718     
   1.29316101200921      -0.534979640534308        1.02621505564357     
   16.0809218494083        13.7033244901165        15.3356584585375     
   1.49087865116287      -0.255260572233437       0.465838003151263     
   9.81163982397239        16.3965092044359        3.89621710157550     
   2.20823090408282       -1.90004575854965       -2.49507680475978     
   9.86424790769979        13.4916130779282        4.64391548008908     
   2.78436668926001       -1.39149043212195      -0.524252485654688     
   8.75557733425985        15.5144014296250        6.56203352769487     
   1.62414223925892      -0.401216910617926       -2.22556297148022     
   10.9606690002275        7.33112977471492        32.4956176173324     
   1.32859757973899      -0.610738642200288       -2.17520219660984     
   11.8487124637736        4.89129387569096        30.9928057400543     
   2.18437738721240       -1.56068503459488      -0.146629161330088     
   13.7179943580932        6.22834131309623        32.9210405157197     
  0.255739561219373       -1.80368123022944        1.91232925328790     
   18.9873796183472        7.99461421561260        8.58038137301923     
  -1.36981147373055        1.41519123528107        4.13339878579415D-002
   18.2549816730030        8.07719022466470        5.67235687902824     
 -0.733998189581613       -2.21828518164276      -0.245341123379119     
   16.2726820418144        8.95950464175913        7.74407342373271     
 -0.604912424979906        1.95148386408818       -1.84945851171459     
   5.33268809916645        19.8651981710557        18.4330112083580     
  0.476422966316617       -1.57648532496094        1.55407983759015     
   2.71738349675123        19.0747742036451        19.6720982681648     
 -0.484404673288513       -7.00166363406067D-002  0.504656868836152     
   2.75483625323236        20.5446108858409        17.0571073658515     
   1.44528258885595      -0.861161578215126        7.89437541173719D-002
   2.36401276276794        20.4279068896731        25.3994246266357     
 -0.839984012032036       -1.91335004878746        1.54509983325707     
   4.72420535968102        21.5960688574707        26.8364297440379     
  0.808501108896605       -1.85745853896022       -1.17968549113676     
   3.69035508191832        18.8868293083408        27.6053085829699     
 -0.522205905643336      -0.348275156447214        2.46134830412049     
   5.46460309701880        9.44651058871482        2.37115027023075     
  0.166042651764073      -0.162299174582839        4.82005527543505D-002
   6.26918773775855        10.0756792910476        5.19193967458215     
 -0.507883473718994        2.92417065157531      -0.429689915322471     
   5.05735824201633        12.2096253371917        3.46632571225557     
  -2.39810351050664       0.398703733922134       -2.26391374653453     
   2.36720134618303        12.1108311708844        14.5977105211083     
  -1.48980867031009        3.10539205535682        9.30531138578283D-002
   1.54411661585486        14.5058396952011        12.9895155803528     
   2.80503625404762        2.86805945940589       -2.53796139223318     
   4.36286532645096        13.4908169163800        12.8333603196501     
  0.301925141877038       -4.17538156493510       -3.77672148537403     
   9.27804341428300        17.3999621567550        17.5876103943309     
  0.694295537661679       -7.72779471344571D-002   1.65363794834637     
   12.2114616174132        17.5950055067410        18.1849270460122     
  0.449804271606338       -4.09735808133790        4.36710840935356     
   10.9355468642162        14.9080225683815        17.7948447061903     
  -2.38301246934544       -2.24660455368686       0.551062262477284     
   5.56596617937291        22.3166786388833        15.2495385722793     
  -2.05003834196946        1.17023849160174      -0.908023585583106     
   4.21788832233718        21.0337398235851        12.8965009394195     
  0.714924607089227        2.43453771362387       -3.21249644967084     
   7.18933407296653        21.4463985801668        12.8815710419369     
   1.02615215588582       0.651901766716766        1.35994485123286     
   20.3727331545441        9.08400455216392        3.55182901722279     
  -1.79321616692786       0.225139074131291       0.635654648586655     
   21.8254447065733        8.70649443629638        6.14930380966730     
 -0.652654568408112       -2.92671916834729      -0.437366799719387     
   20.4608554412860        11.3120988214192        5.55877698950149     
  -3.16301255452961       -3.08017795766879        4.43212848354840     
   19.8734457683996        22.5533431893339        16.8431267124254     
  0.136291164792536       -3.42788217516952       0.359979379238704     
   17.3652813658708        21.7151223182261        15.4266468671719     
 -0.313958070134099        1.93583893968226       -2.14095879526977     
   20.0176391526629        20.6148826974596        14.5580439958914     
  -1.27976568412759        5.56821170860888D-002  -2.73634666678063     
   14.2192031832879        25.9090583837984        13.7910035935673     
 -0.103192323469202      -0.694462675586255      -0.391688222726715     
   15.5196428262057        23.3027645606969        13.0724996164829     
  -2.74611499807816       -1.62659666473210       -1.87622985291465     
   13.3520831108716        23.3764103368477        15.1452420491304     
 -0.714792369465581      -0.161979717909439       0.221722434839280     
   1.09607356813551        17.4053981937213        29.3643232893288     
   1.04765988605195       0.559704446163271       0.127840864767395     
 -0.919277556142703        15.3563223731803        28.5044110087404     
  0.128934113107206       0.119156145759217        3.26718706700699     
   1.99874835077955        14.9049956526694        27.9739121862993     
 -0.353830971422217      -0.476336797649845        1.06718689250429     
   9.94619533206944        25.4402356311544        25.0508736085231     
 -0.685713218942932       0.214061131504243        1.30982626415676     
   10.1462924814532        23.0485078363961        26.8507710094154     
  0.363655203037067        2.42712559985190        4.17454113966919     
   7.45412870682180        24.1239508101314        26.0789701148075     
 -0.187292401677200       -1.78800268077594       -7.48159754020650D-003
   1.95551942046873        7.83984337673259        29.2290256374450     
  -2.48137615038684D-002  -4.47281960682073       -1.01680070393262     
  0.320840412170817        5.36769686031674        28.7642736770449     
 -0.540742914291247       -4.04266987901793       -1.47376123129675     
  -1.02854194641397        8.03748129444314        28.9910298724694     
 -0.119573311232577       -3.98647714588325       0.457137407049562     
   19.3779250049248        27.2174009022206        4.47943218720072     
   2.04919045096160      -0.471648377157556       0.301989243592695     
   18.5786957488026        28.4168886865358        7.11050230983950     
  0.162075489502852      -0.172348362105421      -0.400002782369355     
   16.7863698072264        26.4227264133088        5.76481120295470     
   1.35365245891993      -0.692179121670365       -1.22554545157832     
   29.8593512996818        30.9471583644007        16.2548021097689     
  -1.38900589573350       0.438433894421696      -0.638737241723910     
   26.9715030652171        31.4457819554037        15.6131709993896     
  -1.35958843481832        3.51743691241007        1.50961293479794     
   29.1110612636267        32.4033204741643        13.7408967933363     
  -1.71549764826766        1.15650483495650      -0.126935065941933     
   23.9493781948449        20.4726752037578        14.4618520378157     
  -1.98852267190002       -3.53643107837302      -0.174781242400603     
   24.4087905190950        20.2300240406163        17.4164576335773     
 -0.678631049132421       0.375003745335472       -3.20974277165322D-002
   25.4644685145358        18.1261212319533        15.5565821082132     
  -1.08868196270641       -1.85188842312473        2.22672995419235     
   29.0202653508299        11.4866643858045        12.2950270999810     
  -1.05667234585474       0.724186581568228       0.427194058655605     
   29.5995233016643        12.3598497872890        9.48395276539239     
  -1.35035733262411       0.732320828385597       0.368853546489517     
   31.8589702145606        11.7977146061650        11.3757518265524     
  -1.13146718454895      -0.893245286932242      -0.367059153302328     
   1.16499069879125        28.3823504759576        4.17687512439208     
  -4.43442508090327      -0.238175106460756       -3.93783713418205     
  0.874820642509247        25.3970692364256        4.23904782934049     
   1.92665348724036      -0.909993306901064       -3.17350823274768     
   1.49188133514552        26.8970318926052        6.76280457935249     
  -1.10793045152185        1.06995418578797       -3.58196526047289     
   26.1077792015824        10.9762263241608        31.1535990386623     
 -0.736923777255332       -2.00209226866337        1.98603286552785     
   24.3879490468235        9.58673744169246        29.1259167903777     
 -0.853363356076859      -0.346271880010069       0.940159726495857     
   27.0118242313373        10.7835767826338        28.2995666155455     
  0.114802757958217       -1.56494477713616        2.22463866032487     
   27.2295961869174        7.48580062438113        22.8944584355687     
  0.347681881999765        2.49739578898596       -1.00345993873480     
   25.8996752979494        9.54985376230005        21.1708080358266     
  -3.74853044867757       0.501813802299319      -0.294391512169758     
   26.9354657847196        7.01453835766960        19.9463433092300     
  -2.98992135117431       0.878497955060675      -0.435628474977881     
   14.2412374421681        24.6558519250316        2.17240223800029     
   5.23837045216422D-002   2.38206340982007       -1.33524333263108     
   12.3551984223692        24.0648454972514        4.42933625150353     
  -1.48267252557889        1.37097867664048       -2.86988350019818     
   13.7546907716692        21.8185375018216        3.01670694556349     
  0.395523397596124        2.07878700443737       -2.15077290857887     
   20.5629601746099        4.24365764031207        10.4333777230047     
   2.00731393908186       0.482235475123659       -6.95128632964976D-002
   19.5683498201612        4.52949796030613        7.61752895970505     
 -0.443942159376070        2.28619776409334       0.961143110092233     
   18.5778486831600        2.27960384307422        9.33708819367680     
  0.341565306157525        1.73001114698103       0.688798742370762     
   5.38034456577928        1.03437107109821        9.10262201264283     
   2.21856947721978      -0.957233402470297        1.14604920648300     
   7.28215290966738        2.89767760702905        7.72025474182049     
   1.18630740545089       0.319227086410200        1.43575315025264     
   5.56103158408453        1.04333717317420        6.10806277319109     
  0.691554728145615        1.11188125794187        1.04905330583555     
   30.5031437769895        5.17699285611720        22.8985731650184     
  -1.88535412361015        1.07832689234037       -2.03170976504973     
   31.0588194131868        2.23304477734337        22.7424695742122     
  -2.22012954119207       0.676946457052864        3.40273748947178     
   33.2372921105547        4.20490046910531        22.1374556481589     
  -1.49812619346383      -0.687056455936000        1.50754184232142     
   6.93392604128351        11.3784822326212        18.8473287760243     
   1.31636224842579       -1.39043903749466       0.792773536375397     
   5.43291611362318        12.4679063812440        21.2053096390635     
   1.53515234172816       0.414270985058432       0.106401077458199     
   3.99828446074360        10.8334444195324        19.1388232208663     
  0.867697061952900       0.728255987152796       0.320003924773423     
   16.8520873579824        20.3689102031726        19.3084900038736     
  -3.25373677860452D-002  -1.01380880743281      -0.769744907823550     
   17.7414368118027        17.9643751628662        20.8665424957788     
 -0.979254127692608       -1.15511746399951      -0.444068935395671     
   16.0067621237948        17.6237794833953        18.4427235426561     
 -0.186142515779886      -0.877401118673085       -1.05292791726890     
   2.12853328604297        23.7165996393146        20.1725357839726     
  0.492563226254732       0.343672822721370       -5.87107045240494D-002
   1.23249734513915        22.8974961333370        22.9158842670204     
  0.313765154174810       -1.29412819923818      -0.601007934294758     
   4.15926485941032        23.0238190766592        22.2692974948272     
  0.393445970217209       0.453752216723476        7.39509975178958D-002
   20.6406448446903        26.1390795382743        23.7115767380189     
   2.71360592488214      -0.648087723762985      -0.799850648124069     
   19.5296322731358        24.9952133339903        26.2527051363489     
 -0.206177346137907      -0.739686721126108       -2.08741503837538     
   20.3482253417583        27.8790846385975        26.1378500593018     
   2.26124918264888       -1.35372778182634      -0.334566657880784     
   23.1717728257757        4.31669387693967        22.6011963520311     
 -0.588950952332124       0.216776839033426       -1.54077039861842     
   23.2542717735170        5.55430562377083        25.3328329627120     
  0.883444802810267       0.880257780044695       -1.88073126174549     
   23.7987278218436        2.62331236168101        24.9969072121518     
 -0.343917947029223       0.587378294753463       -1.34259508429417     
  0.838380938094862        6.29029219000559        12.8051607808280     
   1.41650590582385       0.936276646493005        2.96882693366305     
 -0.790825772581735        8.02822263670556        10.9816025324287     
  -1.12971541992982       -2.05922896171355        2.34529947053440     
 -0.984492953884466        8.37719932810121        13.9549353917327     
  -8.36635062164856D-002   7.35437740523035D-002   2.17265204062659     
   4.85367578801344       -1.08747485343984        16.4471349956200     
  0.262531469535062       0.901086298797503       0.199633375341969     
   7.57581185929519       0.124402506907255        16.0985389220902     
   9.45451012288305D-002   1.67551645929914        1.54674270362491     
   5.14683634883187        1.58372220841778        15.1134176204100     
   5.62691706447478D-002   1.56748714091668        1.48099922373414     
   2.65558588124360        28.5083942168939        12.9074085087208     
  0.712452061451109       -1.17409580254764       -2.11110099560004     
  0.951278942277361        26.8785612314746        11.0528453283809     
   1.51127504332234       -1.14811286352159       -2.87148823527810     
   3.58211432154439        25.7999875753898        12.0096023904536     
   1.48812864098962      -0.807386423875797       -2.42206801749207     
   14.0794579746515        13.0663176398842        19.1798485745478     
 -0.322305861266662       0.633399190505202        2.01803728145435D-002
   16.9410358296576        12.4238241047984        18.5484779609950     
  -1.67214115110808       -1.25041456857459       -4.37401687610227     
   15.0252892276987        10.2198604369685        19.2358345708073     
  -1.90890455806628        8.75184936112428D-002 -0.628428446701641     
   19.5075587337812        14.5060441706852        15.2040922628033     
  -2.19802352817809       -1.75008295976601       -1.91756794542029     
   17.9238356103197        16.8539664353739        14.2147086811129     
   1.53778388206018        1.85629912949713       0.500129790618943     
   20.3255982479841        15.9122319499731        12.6834763692908     
   3.56253448540963        3.42089730485580        2.67687682921702     
   13.5613027388778        22.6645369255018        19.3033417900917     
  0.881031605870285       -1.75895310971423      -0.588434007448767     
   12.9077362558874        20.6713490601052        17.1585557178805     
  0.847181689687480       -2.30170339312326       -7.49321247085337D-002
   11.4169289250603        20.6171838564494        19.7613541458521     
  -1.18836367042727       0.263686100858544       -1.16456322106235     
   20.1910473356827        9.15973327401402        13.9005427249246     
   1.43520960097873      -0.375391858209312       -1.61808504378319     
   22.6680582109079        7.97524529415667        12.6914276710320     
  0.532705237127685      -0.188870763460355       -3.66863201621974     
   22.2650281618046        10.9480073151264        12.6755296703168     
   1.91590124052074        4.06490850331562D-002 -0.205787379202553     
   5.04751039696539       -2.91644860561308        28.2502145188799     
  0.495187131542892      -0.262171118158103       -1.22020291984739     
   7.58864691153974       -4.50500909966063        28.1112610069262     
  -1.02409697034035       -2.50280117912310       -3.94467054021784     
   7.69901260498761       -1.51943437347477        28.3835898018034     
   1.85354574590377       -3.10860027133575        2.43709917873112     
   28.7757290939367        10.3238680517651        3.73893866385626     
   2.98509189794680       -4.33163560316054       -3.19524146826784     
   29.0822801402530        9.87953681656932        6.68995914312952     
  -7.72559886124444D-002  0.333668328382521       -2.11993929458507     
   30.1486483202144        7.85532455363597        4.74948919137810     
   4.09631671286110       -1.61691840130609        2.10763818484406     
   26.6358344290207        2.14547550506526        11.3171089824045     
   1.34549070185008       0.129880587601358       -1.99847274036930     
   26.8102677449635        4.07482239921529        13.6078029746038     
  -2.85278183800667       -2.05880395673459       0.224710267341208     
   24.7013616025644        4.43084307549309        11.5040529511340     
  -1.31150811008427       -2.14471240837148       -1.34640958997354     
   23.4267098063939        1.03805529610621       -3.55916917682614     
   2.78448522467720        1.67363400284032       0.710907747268725     
   23.1836123309122        3.58789626784111       -1.99735564500753     
  -2.77374989724233        1.40557257632201       0.381092931784549     
   22.4216708573579       0.976124050987781      -0.733199373418513     
  0.133250279703862       0.234662952515760      -0.245501829407003     
   31.6000000000000     
