   2.3700000000000002E-002   0.0000000000000000     
   3.9500000000000000E-002   0.0000000000000000     
   5.5300000000000002E-002   0.0000000000000000     
   7.1100000000000010E-002   0.0000000000000000     
   8.6900000000000005E-002   0.0000000000000000     
  0.10270000000000000        0.0000000000000000     
  0.11850000000000001        0.0000000000000000     
  0.13430000000000000        0.0000000000000000     
  0.15010000000000001        0.0000000000000000     
  0.16590000000000002        0.0000000000000000     
  0.18170000000000000        0.0000000000000000     
  0.19750000000000001        0.0000000000000000     
  0.21330000000000002        0.0000000000000000     
  0.22910000000000003        0.0000000000000000     
  0.24490000000000001        0.0000000000000000     
  0.26070000000000004        0.0000000000000000     
  0.27650000000000002        0.0000000000000000     
  0.29230000000000000        0.0000000000000000     
  0.30810000000000004        0.0000000000000000     
  0.32390000000000002        0.0000000000000000     
  0.33970000000000000        0.0000000000000000     
  0.35550000000000004        0.0000000000000000     
  0.37130000000000002        0.0000000000000000     
  0.38710000000000000        0.0000000000000000     
  0.40290000000000004        0.0000000000000000     
  0.41870000000000002        0.0000000000000000     
  0.43450000000000005        0.0000000000000000     
  0.45030000000000003        0.0000000000000000     
  0.46610000000000001        0.0000000000000000     
  0.48190000000000005        0.0000000000000000     
  0.49770000000000003        0.0000000000000000     
  0.51350000000000007        0.0000000000000000     
  0.52929999999999999        0.0000000000000000     
  0.54510000000000003        0.0000000000000000     
  0.56090000000000007        0.0000000000000000     
  0.57669999999999999        0.0000000000000000     
  0.59250000000000003        0.0000000000000000     
  0.60830000000000006        0.0000000000000000     
  0.62409999999999999        0.0000000000000000     
  0.63990000000000002        0.0000000000000000     
  0.65570000000000006        0.0000000000000000     
  0.67149999999999999        0.0000000000000000     
  0.68730000000000002        0.0000000000000000     
  0.70310000000000006        0.0000000000000000     
  0.71890000000000009        0.0000000000000000     
  0.73470000000000002        0.0000000000000000     
  0.75050000000000006        0.0000000000000000     
  0.76630000000000009        0.0000000000000000     
  0.78210000000000002        0.0000000000000000     
  0.79790000000000005        0.0000000000000000     
  0.81370000000000009        0.0000000000000000     
  0.82950000000000002        0.0000000000000000     
  0.84530000000000005        0.0000000000000000     
  0.86110000000000009        0.0000000000000000     
  0.87690000000000001        0.0000000000000000     
  0.89270000000000005        0.0000000000000000     
  0.90850000000000009        0.0000000000000000     
  0.92430000000000001        0.0000000000000000     
  0.94010000000000005        0.0000000000000000     
  0.95590000000000008        0.0000000000000000     
  0.97170000000000001        0.0000000000000000     
  0.98750000000000004        0.0000000000000000     
   1.0033000000000001        0.0000000000000000     
   1.0191000000000001        0.0000000000000000     
   1.0349000000000002        0.0000000000000000     
   1.0507000000000000        0.0000000000000000     
   1.0665000000000000        0.0000000000000000     
   1.0823000000000000        0.0000000000000000     
   1.0981000000000001        0.0000000000000000     
   1.1139000000000001        0.0000000000000000     
   1.1297000000000001        0.0000000000000000     
   1.1455000000000000        0.0000000000000000     
   1.1613000000000000        0.0000000000000000     
   1.1771000000000000        0.0000000000000000     
   1.1929000000000001        0.0000000000000000     
   1.2087000000000001        0.0000000000000000     
   1.2245000000000001        0.0000000000000000     
   1.2403000000000002        0.0000000000000000     
   1.2561000000000000        0.0000000000000000     
   1.2719000000000000        0.0000000000000000     
   1.2877000000000001        0.0000000000000000     
   1.3035000000000001        0.0000000000000000     
   1.3193000000000001        0.0000000000000000     
   1.3351000000000002        0.0000000000000000     
   1.3509000000000000        0.0000000000000000     
   1.3667000000000000        0.0000000000000000     
   1.3825000000000001        0.0000000000000000     
   1.3983000000000001        0.0000000000000000     
   1.4141000000000001        0.0000000000000000     
   1.4299000000000002        0.0000000000000000     
   1.4457000000000000        0.0000000000000000     
   1.4615000000000000        0.0000000000000000     
   1.4773000000000001        0.0000000000000000     
   1.4931000000000001        0.0000000000000000     
   1.5089000000000001        0.0000000000000000     
   1.5247000000000002        0.0000000000000000     
   1.5405000000000000        0.0000000000000000     
   1.5563000000000000        0.0000000000000000     
   1.5721000000000001        0.0000000000000000     
   1.5879000000000001        0.0000000000000000     
   1.6037000000000001        0.0000000000000000     
   1.6195000000000002        0.0000000000000000     
   1.6353000000000002        0.0000000000000000     
   1.6511000000000000        0.0000000000000000     
   1.6669000000000000        0.0000000000000000     
   1.6827000000000001        0.0000000000000000     
   1.6985000000000001        0.0000000000000000     
   1.7143000000000002        0.0000000000000000     
   1.7301000000000002        0.0000000000000000     
   1.7459000000000000        0.0000000000000000     
   1.7617000000000000        0.0000000000000000     
   1.7775000000000001        0.0000000000000000     
   1.7933000000000001        0.0000000000000000     
   1.8091000000000002        0.0000000000000000     
   1.8249000000000002        0.0000000000000000     
   1.8407000000000000        0.0000000000000000     
   1.8565000000000000        0.0000000000000000     
   1.8723000000000001        0.0000000000000000     
   1.8881000000000001        0.0000000000000000     
   1.9039000000000001        0.0000000000000000     
   1.9197000000000002        0.0000000000000000     
   1.9355000000000002        0.0000000000000000     
   1.9513000000000000        0.0000000000000000     
   1.9671000000000001        0.0000000000000000     
   1.9829000000000001        0.0000000000000000     
   1.9987000000000001        0.0000000000000000     
   2.0145000000000000        0.0000000000000000     
   2.0303000000000000        0.0000000000000000     
   2.0461000000000000        0.0000000000000000     
   2.0619000000000001        0.0000000000000000     
   2.0777000000000001        0.0000000000000000     
   2.0935000000000001        0.0000000000000000     
   2.1093000000000002        0.0000000000000000     
   2.1251000000000002        0.0000000000000000     
   2.1409000000000002        0.0000000000000000     
   2.1567000000000003        0.0000000000000000     
   2.1725000000000003        0.0000000000000000     
   2.1882999999999999        0.0000000000000000     
   2.2040999999999999        0.0000000000000000     
   2.2199000000000000        0.0000000000000000     
   2.2357000000000000        0.0000000000000000     
   2.2515000000000001        0.0000000000000000     
   2.2673000000000001        0.0000000000000000     
   2.2831000000000001        0.0000000000000000     
   2.2989000000000002        0.0000000000000000     
   2.3147000000000002        0.0000000000000000     
   2.3305000000000002        0.0000000000000000     
   2.3463000000000003        0.0000000000000000     
   2.3621000000000003        0.0000000000000000     
   2.3779000000000003        0.0000000000000000     
   2.3936999999999999        0.0000000000000000     
   2.4095000000000000        0.0000000000000000     
   2.4253000000000000        0.0000000000000000     
   2.4411000000000000        0.0000000000000000     
   2.4569000000000001        0.0000000000000000     
   2.4727000000000001        0.0000000000000000     
   2.4885000000000002        0.0000000000000000     
   2.5043000000000002        0.0000000000000000     
   2.5201000000000002        0.0000000000000000     
   2.5359000000000003        0.0000000000000000     
   2.5517000000000003        0.0000000000000000     
   2.5675000000000003        0.0000000000000000     
   2.5832999999999999        0.0000000000000000     
   2.5991000000000000        0.0000000000000000     
   2.6149000000000000        0.0000000000000000     
   2.6307000000000000        0.0000000000000000     
   2.6465000000000001        0.0000000000000000     
   2.6623000000000001        0.0000000000000000     
   2.6781000000000001        0.0000000000000000     
   2.6939000000000002        0.0000000000000000     
   2.7097000000000002        0.0000000000000000     
   2.7255000000000003        0.0000000000000000     
   2.7413000000000003        0.0000000000000000     
   2.7571000000000003        0.0000000000000000     
   2.7729000000000004        0.0000000000000000     
   2.7887000000000000        0.0000000000000000     
   2.8045000000000000        0.0000000000000000     
   2.8203000000000000        0.0000000000000000     
   2.8361000000000001        0.0000000000000000     
   2.8519000000000001        0.0000000000000000     
   2.8677000000000001        0.0000000000000000     
   2.8835000000000002        0.0000000000000000     
   2.8993000000000002        0.0000000000000000     
   2.9151000000000002        0.0000000000000000     
   2.9309000000000003        0.0000000000000000     
   2.9467000000000003        0.0000000000000000     
   2.9625000000000004        0.0000000000000000     
   2.9783000000000004        0.0000000000000000     
   2.9941000000000000        176.39398320977534     
   3.0099000000000000        0.0000000000000000     
   3.0257000000000001        0.0000000000000000     
   3.0415000000000001        0.0000000000000000     
   3.0573000000000001        0.0000000000000000     
   3.0731000000000002        0.0000000000000000     
   3.0889000000000002        0.0000000000000000     
   3.1047000000000002        0.0000000000000000     
   3.1205000000000003        0.0000000000000000     
   3.1363000000000003        0.0000000000000000     
   3.1521000000000003        0.0000000000000000     
   3.1679000000000004        0.0000000000000000     
   3.1837000000000000        0.0000000000000000     
   3.1995000000000000        0.0000000000000000     
   3.2153000000000000       0.25621182593252473     
   3.2311000000000001        0.0000000000000000     
   3.2469000000000001       0.50249802461704585     
   3.2627000000000002       0.74646451378627821     
   3.2785000000000002       0.73928702595156126     
   3.2943000000000002       0.73221256320216865     
   3.3101000000000003        0.0000000000000000     
   3.3259000000000003        0.0000000000000000     
   3.3417000000000003        1.4231758661540455     
   3.3575000000000004       0.23496880185414429     
   3.3733000000000004       0.46554569560398507     
   3.3891000000000000       0.46121506934498879     
   3.4049000000000000        1.3708337702878564     
   3.4206999999999996        1.3581994475082988     
   3.4365000000000006        1.3457389899187173     
   3.4522999999999997        1.3334492219363279     
   3.4681000000000006       0.88088469343311793     
   3.4838999999999998       0.21822823522654497     
   3.4997000000000007        2.1626222844666358     
   3.5154999999999998        1.7145813596040413     
   3.5313000000000008        1.2744545247153916     
   3.5470999999999999        1.4736471341370330     
   3.5629000000000004       0.83463205402466256     
   3.5787000000000000        1.8613766597062620     
   3.5945000000000005        2.0500543326986760     
   3.6102999999999996       0.60964501270540949     
   3.6261000000000005        1.0072396421255190     
   3.6418999999999997        1.5976304116733853     
   3.6577000000000006       0.98991113835869171     
   3.6734999999999998        1.1776969193265940     
   3.6893000000000007        1.1676311952305443     
   3.7050999999999998        1.1576939686991925     
   3.7209000000000008       0.76525537455308179     
   3.7366999999999999        1.3278957331099692     
   3.7525000000000004       0.75242114935980176     
   3.7683000000000000        1.3057183561894057     
   3.7841000000000005        1.4798142092795403     
   3.7999000000000001        1.6509753722339757     
   3.8157000000000005        1.6373310256529043     
   3.8314999999999997       0.72171338956414166     
   3.8473000000000006        1.2526460437754936     
   3.8630999999999998        1.2424204188035839     
   3.8789000000000007        1.5844107801262737     
   3.8946999999999998        1.5715816134195619     
   3.9105000000000008        2.0785435161564187     
   3.9262999999999999       0.85910353234639114     
   3.9421000000000008        1.0226768890676592     
   3.9579000000000000        1.0145281125214443     
   3.9737000000000005        2.1806987464964553     
   3.9895000000000000        1.3313600685266960     
   4.0053000000000010       0.49532886478412563     
   4.0210999999999997        1.6381465083489393     
   4.0369000000000010        1.4628136986913449     
   4.0526999999999997        1.9352399895659018     
   4.0685000000000002       0.96011910229929998     
   4.0842999999999998        1.4290576382417639     
   4.1001000000000003        1.5756277128802982     
   4.1158999999999999        1.0944877976267606     
   4.1317000000000004       0.77580926404917139     
   4.1475000000000000       0.46194576142075588     
   4.1633000000000004       0.76407698186673534     
   4.1791000000000000        1.0616345468558541     
   4.1949000000000005        1.6557394385148310     
   4.2107000000000001       0.89636561133481218     
   4.2265000000000006       0.44483817344440613     
   4.2423000000000002       0.73588473620355077     
   4.2581000000000007       0.58434701053974847     
   4.2739000000000003        1.1600690122455486     
   4.2897000000000007       0.86365434870815128     
   4.3054999999999994       0.57155149268307670     
   4.3213000000000008       0.42553470192613069     
   4.3370999999999995       0.56325322371286257     
   4.3529000000000009        1.3979292413462865     
   4.3686999999999996       0.97148515340126329     
   4.3845000000000010        1.2400663909263379     
   4.4002999999999997        1.7783668706843441     
   4.4161000000000010       0.95074231774336826     
   4.4318999999999997       0.94397549717487017     
   4.4477000000000002        1.3389723766496477     
   4.4634999999999998       0.79770582831886538     
   4.4793000000000003        1.8482058115243098     
   4.4950999999999999        1.1797945711672864     
   4.5109000000000004       0.91120111694899020     
   4.5266999999999999       0.25852894547652616     
   4.5425000000000004       0.51346722563512492     
   4.5583000000000000       0.63739229182527368     
   4.5741000000000005        1.0127944006388734     
   4.5899000000000001        1.2572920523432414     
   4.6057000000000006       0.24973609934511290     
   4.6215000000000002        1.4881885362881724     
   4.6373000000000006       0.36951621098080784     
   4.6531000000000002       0.73402205191676295     
   4.6689000000000007       0.72906246239048744     
   4.6847000000000003        1.0862294542116262     
   4.7005000000000008       0.47952860049004509     
   4.7162999999999995        2.1434447849507245     
   4.7321000000000009        1.1828640034180131     
   4.7478999999999996        1.7625067064192677     
   4.7637000000000009       0.93377841033428766     
   4.7794999999999996       0.92761487892288919     
   4.7953000000000010        1.3822682573109966     
   4.8110999999999997       0.57216843156263952     
   4.8269000000000011       0.56842878196761815     
   4.8426999999999998       0.90356108161046522     
   4.8585000000000003       0.89769382254329022     
   4.8742999999999999       0.66891264516744875     
   4.8901000000000003       0.55383091227679682     
   4.9058999999999999       0.77037703540994396     
   4.9217000000000004       0.65609034689562051     
   4.9375000000000000        1.3037961812360657     
   4.9533000000000005       0.97161883134443172     
   4.9691000000000001       0.53636102426741861     
   4.9849000000000006        1.0659326912165947     
   5.0007000000000001       0.63552455172344469     
   5.0165000000000006       0.73678214771113426     
   5.0323000000000002        1.0459469129712144     
   5.0481000000000007       0.83152781288930155     
   5.0639000000000003        1.0329337138177470     
   5.0797000000000008       0.71856259800847333     
   5.0954999999999995       0.40806474757471911     
   5.1113000000000008       0.50693229675368079     
   5.1270999999999995       0.70533781256993022     
   5.1429000000000009       0.90129934329422179     
   5.1586999999999996       0.59719121754769111     
   5.1745000000000010       0.98924969833573384     
   5.1902999999999997       0.68826522865367101     
   5.2061000000000011       0.78182164233640439     
   5.2218999999999998       0.87423486627771785     
   5.2377000000000002       0.38620818095747145     
   5.2534999999999998       0.67180508376922032     
   5.2693000000000003       0.47698736492339783     
   5.2850999999999999       0.66379556270471241     
   5.3009000000000004        1.0368983591086554     
   5.3167000000000000       0.84333655453363343     
   5.3325000000000005       0.83834641200931659     
   5.3483000000000001        1.2038006209186642     
   5.3641000000000005        1.0126087749245036     
   5.3799000000000001       0.73212344552810960     
   5.3957000000000006        1.0007827968975918     
   5.4115000000000002       0.81404782795305664     
   5.4273000000000007       0.71939111565732405     
   5.4431000000000003        1.1622337091484631     
   5.4589000000000008       0.71108653168160874     
   5.4747000000000003       0.35349403080487712     
   5.4905000000000008       0.87865615380778017     
   5.5062999999999995       0.61153462216631915     
   5.5221000000000009        1.2160802962942030     
   5.5378999999999996       0.69094347579312643     
   5.5537000000000010        1.0305265067718912     
   5.5694999999999997        1.4516411142354761     
   5.5853000000000010        1.1887151079053342     
   5.6010999999999997        1.1820181391452957     
   5.6169000000000011        1.2593331485534041     
   5.6326999999999998       0.50091123175611019     
   5.6485000000000003       0.91320689585589099     
   5.6642999999999999        1.1557883342124899     
   5.6801000000000004       0.49258598763098843     
   5.6959000000000000        1.2246424659721458     
   5.7117000000000004       0.89310943535384746     
   5.7275000000000000        1.1304220259736517     
   5.7433000000000005       0.96360936995120794     
   5.7591000000000001       0.71874699889209892     
   5.7749000000000006        1.1119413347205935     
   5.7907000000000002        1.1058817239558252     
   5.8065000000000007        1.1784337628882913     
   5.8223000000000003        1.2501830439471673     
   5.8381000000000007        1.3211393964038376     
   5.8539000000000003        1.1594270897952850     
   5.8697000000000008        1.6144710762225614     
   5.8855000000000004       0.76467353125933180     
   5.9013000000000009        1.2929934421943821     
   5.9170999999999996        1.0591391123427087     
   5.9329000000000010        1.0535054069784870     
   5.9486999999999997       0.67366062772726054     
   5.9645000000000010        1.3401925882377701     
   5.9802999999999997        1.0368713820038928     
   5.9961000000000011        1.9154834712641411     
   6.0118999999999998        1.3924284922427363     
   6.0277000000000012       0.94772621033268201     
   6.0434999999999999        1.0152985873414162     
   6.0593000000000004        1.4428722655010606     
   6.0750999999999999        1.0047637894424550     
   6.0909000000000004       0.92816078747087571     
   6.1067000000000000        1.0654201172286908     
   6.1225000000000005       0.77728073364020567     
   6.1383000000000001        1.3356731244889044     
   6.1541000000000006       0.90919504942297480     
   6.1699000000000002        1.3220264973062825     
   6.1857000000000006        1.0383801148624041     
   6.2015000000000002       0.82647659929711614     
   6.2173000000000007       0.95932817824864214     
   6.2331000000000003       0.88629434287430686     
   6.2489000000000008       0.61048946655573688     
   6.2647000000000004        1.1473374788501416     
   6.2805000000000009        1.2087232687525675     
   6.2962999999999996        1.0022204318485792     
   6.3121000000000009        1.0636899628322940     
   6.3278999999999996        1.0583847870101377     
   6.3437000000000010       0.85565935157871564     
   6.3594999999999997        1.1788794165059870     
   6.3753000000000011        1.3033815463766698     
   6.3910999999999998        1.4266396181492107     
   6.4069000000000011       0.96791717115391562     
   6.4226999999999999        1.2842144413509482     
   6.4385000000000003        1.0223354281259276     
   6.4542999999999999       0.89016921250638126     
   6.4701000000000004        1.2654670461377848     
   6.4859000000000000       0.94448180087014666     
   6.5017000000000005        1.1905361325937014     
   6.5175000000000001       0.87298903686082230     
   6.5333000000000006        1.0549370724703415     
   6.5491000000000001        1.2968772948968155     
   6.5649000000000006        1.0448056875709697     
   6.5807000000000002        1.4679453723477476     
   6.5965000000000007        1.4609217237107426     
   6.6123000000000003       0.96929890906646443     
   6.6281000000000008       0.96468320871852198     
   6.6439000000000004       0.90009412431014935     
   6.6597000000000008       0.71666262670674696     
   6.6755000000000004        1.0104717227819073     
   6.6913000000000009        1.0648644941536367     
   6.7070999999999996        1.0598533763918738     
   6.7229000000000010        1.0548775481050818     
   6.7386999999999997        1.2249261251659966     
   6.7545000000000011        1.1611449350001213     
   6.7702999999999998        1.2713048498999515     
   6.7861000000000011        1.2078740050088641     
   6.8018999999999998       0.91601450004418261     
   6.8177000000000012       0.74081613105968924     
   6.8334999999999999       0.96428492399338561     
   6.8493000000000004        1.2421474644744011     
   6.8651000000000000       0.89922651035110401     
   6.8809000000000005       0.89510162535140048     
   6.8967000000000001       0.83531724147552588     
   6.9125000000000005       0.99780361696638964     
   6.9283000000000001        1.0484388126300430     
   6.9441000000000006        1.1535335256651391     
   6.9599000000000002       0.92957788245475481     
   6.9757000000000007       0.92537165488552586     
   6.9915000000000003        1.0837575433678199     
   7.0073000000000008        1.0788757609050710     
   7.0231000000000003        1.0740268892612144     
   7.0389000000000008        1.0157501016091446     
   7.0547000000000004       0.79832002580842942     
   7.0705000000000009        1.1656422844792917     
   7.0862999999999996       0.89671145833496724     
   7.1021000000000010       0.73518618406520342     
   7.1178999999999997       0.94104763748572851     
   7.1337000000000010       0.67663823983525317     
   7.1494999999999997        1.1400245651405811     
   7.1653000000000011       0.87704733894303166     
   7.1810999999999998       0.82182794543596149     
   7.1969000000000012        1.1761961988730156     
   7.2126999999999999       0.91647292707636929     
   7.2285000000000004        1.1659349983401024     
   7.2443000000000000        1.1608546796054315     
   7.2601000000000004       0.95479749447713691     
   7.2759000000000000       0.80055175790233468     
   7.2917000000000005        1.2454471426573361     
   7.3075000000000001        1.0416564898124578     
   7.3233000000000006        1.1359443693651310     
   7.3391000000000002       0.73764690957356394     
   7.3549000000000007       0.73448104787890267     
   7.3707000000000003        1.0238697330175375     
   7.3865000000000007       0.92239953962929844     
   7.4023000000000003       0.77344511333587240     
   7.4181000000000008        1.0108269445462899     
   7.4339000000000004        1.1982555859780621     
   7.4497000000000009        1.0022697211070319     
   7.4655000000000005       0.71287985749666838     
   7.4813000000000009       0.56789754406443715     
   7.4970999999999997       0.75400853340074281     
   7.5129000000000010       0.89162301655047316     
   7.5286999999999997       0.98134609346444424     
   7.5445000000000011        1.1633810105559597     
   7.5602999999999998       0.74145502519929074     
   7.5761000000000012       0.83066133795738428     
   7.5918999999999999        1.1029432661957608     
   7.6077000000000012        1.0068361826418524     
   7.6234999999999999        1.5951521960932729     
   7.6393000000000004       0.72619916228191417     
   7.6551000000000000       0.81360509716526952     
   7.6709000000000005       0.67521411064666381     
   7.6867000000000001       0.80692939359059801     
   7.7025000000000006        1.0714964140672285     
   7.7183000000000002        1.0671140217672341     
   7.7341000000000006       0.84135044780929358     
   7.7499000000000002        1.4553405781148168     
   7.7657000000000007        1.0102050017078648     
   7.7815000000000003       0.91861926368439584     
   7.7973000000000008        1.0020335112481729     
   7.8131000000000004       0.82442230582054910     
   7.8289000000000009       0.90752939808917454     
   7.8447000000000005       0.77475203421982042     
   7.8605000000000009        1.2860676407625558     
   7.8762999999999996        1.1528217611588290     
   7.8921000000000010       0.89305259576935858     
   7.9078999999999997        1.1436268118022930     
   7.9237000000000011        1.3500095238190375     
   7.9394999999999998       0.75636095613552057     
   7.9553000000000011        1.1718925986699056     
   7.9710999999999999       0.91712613609697147     
   7.9869000000000012       0.87197835741087548     
   8.0027000000000008        1.1580514733950524     
   8.0185000000000013        1.0299037692200372     
   8.0343000000000000       0.82068560102148247     
   8.0501000000000005       0.89921395327296427     
   8.0659000000000010       0.77355436628785812     
   8.0817000000000014        1.1760761857071607     
   8.0975000000000001       0.56554742719232221     
   8.1133000000000006       0.72430310099251161     
   8.1290999999999993       0.76157307012218689     
   8.1449000000000016        1.1578955771774617     
   8.1607000000000003       0.55682166023876423     
   8.1765000000000008        1.0301047200500062     
   8.1922999999999995        1.3418690422327939     
   8.2081000000000017       0.86492871483081968     
   8.2239000000000004       0.90077247582342024     
   8.2397000000000009        1.0533771131250222     
   8.2554999999999996       0.93275458425396451     
   8.2713000000000001       0.85176158520129341     
   8.2871000000000006        1.0027925618384756     
   8.3029000000000011       0.80686819254966269     
   8.3186999999999998        1.0717414371387133     
   8.3345000000000002        1.1820762955617079     
   8.3503000000000007        1.2155945325103563     
   8.3661000000000012        1.0217874842871335     
   8.3818999999999999       0.90483462081331889     
   8.3977000000000004       0.86387328295955979     
   8.4135000000000009        1.1225631338997568     
   8.4293000000000013       0.93196565209743065     
   8.4451000000000001        1.2255958075894640     
   8.4609000000000005       0.85101581718382568     
   8.4766999999999992       0.99529783276170636     
   8.4925000000000015       0.95487199897297281     
   8.5083000000000002       0.58543315615096692     
   8.5241000000000007        1.0207135534495300     
   8.5398999999999994       0.69006651340988223     
   8.5557000000000016       0.97700231189329045     
   8.5715000000000003        1.0815597563891728     
   8.5873000000000008       0.96982509441819764     
   8.6030999999999995        1.2167795424596894     
   8.6189000000000000       0.67747432679691688     
   8.6347000000000005       0.71052344773705600     
   8.6505000000000010        1.0618954490273458     
   8.6662999999999997        1.0932945477900577     
   8.6821000000000002        1.0190402946323325     
   8.6979000000000006        1.0153414228582416     
   8.7137000000000011       0.94189281543813552     
   8.7294999999999998        1.0775213478177916     
   8.7453000000000003        1.0043648424284024     
   8.7611000000000008        1.0007455135866692     
   8.7769000000000013        1.0659143833639770     
   8.7927000000000000        1.0278261743121100     
   8.8085000000000004        1.3313848775247865     
   8.8243000000000009        1.1905576940021048     
   8.8401000000000014        1.0846223604712601     
   8.8559000000000001        1.1820764573962421     
   8.8717000000000006        1.1105629392560419     
   8.8874999999999993       0.93894842108577048     
   8.9033000000000015       0.96903377811707692     
   8.9191000000000003        1.1986802983130906     
   8.9349000000000007       0.79629645553294581     
   8.9506999999999994       0.92573559471254629     
   8.9665000000000017        1.0213126763224150     
   8.9823000000000004       0.82074421676615350     
   8.9981000000000009        1.0468664517843744     
   9.0138999999999996        1.3691995706438387     
   9.0297000000000001       0.55226206656050369     
   9.0455000000000005       0.74457014125607413     
   9.0613000000000010        1.4194320089030275     
   9.0770999999999997        1.1251663651738650     
   9.0929000000000002       0.99311559385482828     
   9.1087000000000007       0.89389842437755729     
   9.1245000000000012        1.2407645992897522     
   9.1402999999999999        1.3632970452708055     
   9.1561000000000003       0.82147666666784702     
   9.1719000000000008        1.1020273207271913     
   9.1877000000000013        1.1296185829652077     
   9.2035000000000000       0.78176624609568812     
   9.2193000000000005        1.4958508167400735     
   9.2351000000000010       0.96276751785723125     
   9.2509000000000015       0.92853060492281192     
   9.2667000000000002        1.0179036562987338     
   9.2825000000000006       0.70703491676015284     
   9.2982999999999993        1.2867231781919690     
   9.3141000000000016        1.3739586523825751     
   9.3299000000000003       0.85201452034767633     
   9.3457000000000008       0.78848351739525557     
   9.3614999999999995       0.87649624128035786     
   9.3773000000000017       0.87354507827754291     
   9.3931000000000004        1.0207137597366087     
   9.4089000000000009        1.1668898062028630     
   9.4246999999999996        1.0735205827244574     
   9.4405000000000001       0.92132879731335426     
   9.4563000000000006        1.0071157297736648     
   9.4721000000000011       0.97423636632363486     
   9.4878999999999998       0.94157024793666344     
   9.5037000000000003       0.73315789879692772     
   9.5195000000000007       0.84764239185266099     
   9.5353000000000012       0.99049694731634430     
   9.5510999999999999       0.75493491429308890     
   9.5669000000000004       0.98396442286089114     
   9.5827000000000009        1.1537910216380416     
   9.5985000000000014        1.0637459853735300     
   9.6143000000000001       0.80235329610063044     
   9.6301000000000005        1.1710224253063040     
   9.6459000000000010       0.93944504213415903     
   9.6617000000000015        1.0782499574329445     
   9.6775000000000002       0.82019022286086340     
   9.6933000000000007        1.1276118563262028     
   9.7090999999999994       0.67436689748170542     
   9.7249000000000017        1.0642808777826409     
   9.7407000000000004       0.80958157081765425     
   9.7565000000000008       0.97391913382264628     
   9.7722999999999995       0.91529967873403939     
   9.7881000000000018        1.4099909753386120     
   9.8039000000000005        1.0471979986324573     
   9.8197000000000010        1.0713000371222527     
   9.8354999999999997       0.93095563429491346     
   9.8513000000000002       0.95526509306548013     
   9.8671000000000006       0.97941419730551238     
   9.8829000000000011        1.0034041111615886     
   9.8986999999999998        1.0272359888292850     
   9.9145000000000003        1.1048038451475000     
   9.9303000000000008       0.88640491765785323     
   9.9461000000000013        1.2048967311263594     
   9.9619000000000000       0.96086218180553662     
   9.9777000000000005       0.77157841544345407     
   9.9935000000000009        1.3261044327248523     
   10.009300000000001       0.71383741638785358     
   10.025100000000000       0.65887880687603595     
   10.040900000000001       0.99834643123192324     
   10.056700000000001       0.99521190812418059     
   10.072500000000002       0.93987674918258868     
   10.088300000000000       0.93693504032277308     
   10.104100000000001       0.88211783622444939     
   10.119899999999999       0.93109290429077485     
   10.135700000000002       0.92819230569231703     
   10.151500000000000        1.0281169335541225     
   10.167300000000001        1.2299088316713549     
   10.183100000000000       0.91957137295189428     
   10.198900000000002       0.99311810545409895     
   10.214700000000001        1.1169774462999291     
   10.230500000000001        1.0629149883419942     
   10.246300000000000        1.0091804228369221     
   10.262100000000000        1.1066827802346009     
   10.277900000000001        1.1785066655300727     
   10.293700000000001        1.0249054533438322     
   10.309500000000000        1.1962143085616230     
   10.325300000000000       0.69565776214917407     
   10.341100000000001       0.94122419580752537     
   10.356900000000001        1.0618223241854219     
   10.372700000000000        1.0339716189629986     
   10.388500000000001        1.1290030267468032     
   10.404300000000001       0.92982416150029545     
   10.420100000000001       0.92700651468546613     
   10.435900000000000       0.85123836733820823     
   10.451700000000001        1.0426476012440324     
   10.467499999999999        1.2328981502790901     
   10.483300000000002        1.2050829455347849     
   10.499100000000000       0.98519608370131551     
   10.514900000000001        1.0541085785786544     
   10.530700000000000        1.0748330136688748     
   10.546500000000002        1.1430559500386375     
   10.562300000000000        1.2346086403777436     
   10.578100000000001        1.0415504373931850     
   10.593900000000000       0.94404178859308108     
   10.609700000000000        1.3177249994856561     
   10.625500000000001       0.96189589631952233     
   10.641300000000001        1.0526066428428560     
   10.657100000000000       0.93287805389391432     
   10.672900000000000        1.2324064317098831     
   10.688700000000001        1.0664758447973517     
   10.704500000000001        1.0864457680422830     
   10.720300000000000        1.0371500765897139     
   10.736100000000000       0.94217966962218980     
   10.751900000000001       0.93941262412608206     
   10.767700000000001        1.0280389943114994     
   10.783500000000000       0.93391497707812909     
   10.799300000000001        1.0447432863428965     
   10.815100000000001        1.1549204369722230     
   10.830900000000002       0.90317907794831986     
   10.846700000000000        1.1031734284548289     
   10.862500000000001        1.0326216415488896     
   10.878299999999999        1.2534555396918974     
   10.894100000000002        1.0935945455543841     
   10.909900000000000        1.0904292958264497     
   10.925700000000001       0.95414171500951206     
   10.941500000000000       0.92926275743198827     
   10.957300000000002        1.0368924791841410     
   10.973100000000001        1.2538891750174033     
   10.988900000000001        1.0528724612101592     
   11.004700000000000       0.80926038359502017     
   11.020500000000000        1.1995077652369373     
   11.036300000000001       0.95686055966711869     
   11.052100000000001       0.99749606849878658     
   11.067900000000000       0.97302731798093900     
   11.083700000000000        1.0565000655694070     
   11.099500000000001        1.0534943775125984     
   11.115300000000001        1.0933791099281103     
   11.131100000000000        1.1544112877318276     
   11.146900000000000       0.95928416915656378     
   11.162700000000001        1.0203418621957503     
   11.178500000000001        1.0810507638749502     
   11.194300000000000       0.95117758005723974     
   11.210100000000001        1.0749646361487093     
   11.225900000000001        1.0719408276358138     
   11.241700000000002       0.90125450342648994     
   11.257500000000000       0.89872644196323115     
   11.273300000000001        1.0004193517369460     
   11.289099999999999       0.74821573331630009     
   11.304900000000002        1.1191886198928587     
   11.320700000000000        1.3020778830166027     
   11.336500000000001        1.1129579378345320     
   11.352300000000000        1.0070970818617966     
   11.368100000000002        1.0247955018051380     
   11.383900000000001        1.0015137417082964     
   11.399700000000001       0.93759215287406339     
   11.415500000000000       0.97565064899097376     
   11.431300000000000       0.91214576547056392     
   11.447100000000001        1.0511274255593361     
   11.462900000000001        1.1288649718275270     
   11.478700000000000       0.78401103198153343     
   11.494500000000000       0.84200001509786448     
   11.510300000000001       0.91966047924609351     
   11.526100000000001       0.99689224247058339     
   11.541900000000000       0.77544851967859396     
   11.557700000000001        1.0311064122613802     
   11.573500000000001       0.96896842909975567     
   11.589300000000001        1.1043750740391991     
   11.605100000000000        1.2980431832346819     
   11.620900000000001        1.0199216135722284     
   11.636700000000001       0.95847189683295331     
   11.652500000000002       0.97538205470363082     
   11.668300000000000       0.85601324282517344     
   11.684100000000001        1.1835382134262942     
   11.699900000000000        1.1803437802442178     
   11.715700000000002        1.0806735525046747     
   11.731500000000000       0.98153562510457470     
   11.747300000000001        1.0940614536065123     
   11.763100000000000        1.1676945094095730     
   11.778900000000002        1.2027463880211202     
   11.794700000000001       0.79968412361857166     
   11.810500000000001        1.0823837649253234     
   11.826300000000000       0.79541630466029378     
   11.842100000000000        1.0766149085492946     
   11.857900000000001        1.1114231200244094     
   11.873700000000001        1.1272547890330360     
   11.889500000000000       0.89940860333700201     
   11.905300000000000        1.1025906547072604     
   11.921100000000001       0.96920057790687131     
   11.936900000000001        1.1897065313370763     
   11.952700000000000        1.1309431635004275     
   11.968500000000001       0.86908327668267671     
   11.984300000000001       0.95900524642459084     
   12.000100000000002       0.97487542582499187     
   12.015900000000000       0.97231333682640231     
   12.031700000000001       0.96976133478463789     
   12.047499999999999       0.91247110077286953     
   12.063300000000002       0.85547748827554970     
   12.079100000000000        1.1073978249571104     
   12.094900000000001        1.0320797961101789     
   12.110700000000000        1.0113291367813129     
   12.126500000000002        1.1347824022251869     
   12.142300000000001        1.0958999387175268     
   12.158100000000001       0.93178326627173391     
   12.173900000000000       0.91149376367542523     
   12.189700000000000       0.83782788162645394     
   12.205500000000001       0.90678016518039062     
   12.221300000000001        1.0463095461126206     
   12.237100000000000        1.0436093939456927     
   12.252900000000000        1.0409196805036498     
   12.268700000000001        1.1614214107654828     
   12.284500000000001       0.96536312771514898     
   12.300300000000000        1.0679266245557382     
   12.316100000000000       0.73340837396374225     
   12.331900000000001        1.0798779859600975     
   12.347700000000001       0.92076058085274970     
   12.363500000000000       0.95306563545308698     
   12.379300000000001       0.95063434688692006     
   12.395100000000001       0.82753077806199227     
   12.410900000000002       0.96299595340609001     
   12.426700000000000        1.0806172840144057     
   12.442500000000001       0.88967427468864679     
   12.458299999999999       0.98981359066414232     
   12.474100000000002       0.95326264050878240     
   12.489900000000000        1.1376269422375436     
   12.505700000000001        1.1178175193759654     
   12.521500000000000        1.0305287401083043     
   12.537300000000002        1.0447843110609900     
   12.553100000000001       0.82363935948397848     
   12.568900000000001        1.1569045741093211     
   12.584700000000000       0.88640689350516566     
   12.600500000000000        1.0843782269435680     
   12.616300000000001        1.0983048727932399     
   12.632100000000001       0.87976716573160474     
   12.647900000000000       0.92724429639249450     
   12.663700000000000        1.1066150327553803     
   12.679500000000001        1.2356628720413365     
   12.695300000000001       0.87102962034187226     
   12.711100000000000       0.91804664286362447     
   12.726900000000001        1.0465927001852362     
   12.742700000000001       0.89718656791550011     
   12.758500000000002       0.92751002149998663     
   12.774300000000000        1.0713039452554562     
   12.790100000000001        1.1496177480134324     
   12.805900000000001       0.85604904818267480     
   12.821700000000002       0.98283724146226348     
   12.837500000000000        1.0607816879804830     
   12.853300000000001       0.97801054713413993     
   12.869100000000000       0.91163606196848879     
   12.884900000000002       0.90940166097575403     
   12.900700000000001       0.93900618268962976     
   12.916500000000001        1.3177450337522181     
   12.932300000000000       0.99777358098875257     
   12.948100000000002        1.2007276046880515     
   12.963900000000001       0.78802800614506774     
   12.979700000000001       0.78611066401145224     
   12.995500000000000        1.2233524851127620     
   13.011300000000000       0.89181848092518401     
   13.027100000000001       0.93648052398853610     
   13.042900000000001       0.99649388562739993     
   13.058700000000000       0.94748629937882589     
   13.074500000000000        1.0071778623902905     
   13.090300000000001       0.92745969361600655     
   13.106100000000001        1.0023269230687366     
   13.121900000000000       0.96914798245202183     
   13.137700000000001        1.0128572676357992     
   13.153500000000001       0.94918753325944294     
   13.169300000000002        1.2523665650147440     
   13.185100000000000        1.1122412522199820     
   13.200900000000001        1.0031822697336183     
   13.216700000000001        1.0614388279358895     
   13.232500000000002       0.86225167211569098     
   13.248300000000000       0.99601670587324231     
   13.264100000000001       0.99364523864756815     
   13.279900000000000        1.0513599418335096     
   13.295700000000002       0.83909012078855871     
   13.311500000000001        1.0463742472883613     
   13.327300000000001       0.98424356355820131     
   13.343100000000000       0.96703650932356056     
   13.358900000000002       0.80148492448862285     
   13.374700000000001       0.85882146557428418     
   13.390500000000001        1.0931534460353065     
   13.406300000000000       0.88425266909001110     
   13.422100000000000       0.72044052835402483     
   13.437900000000001        1.2028017160458826     
   13.453700000000001        1.0829071914165513     
   13.469500000000000       0.89057373458097300     
   13.485300000000001       0.97588035319666411     
   13.501100000000001       0.88640974901341441     
   13.516900000000001       0.92783076631209793     
   13.532700000000000       0.89673842208433774     
   13.548500000000001        1.0100865912513266     
   13.564300000000001       0.86377270209484569     
   13.580100000000002        1.1346558402126625     
   13.595900000000000       0.98872647900929922     
   13.611700000000001        1.0865053084425387     
   13.627500000000001       0.94135742394675082     
   13.643300000000002        1.0672481327385350     
   13.659100000000000       0.93700684712685178     
   13.674899999999999        1.1473071463515994     
   13.690700000000001       0.94681797221952557     
   13.706500000000002       0.87414111383887649     
   13.722300000000001       0.87212928247514232     
   13.738099999999999        1.0104670317563509     
   13.753900000000002       0.89613047734175422     
   13.769700000000002        1.1734736122098708     
   13.785500000000001        1.0732198062129701     
   13.801299999999999        1.0429518766777168     
   13.817100000000002        1.0266937478767806     
   13.832900000000000       0.96897944523030666     
   13.848700000000001       0.88390371374347088     
   13.864500000000000        1.0472446914924984     
   13.880300000000002        1.0998546139076173     
   13.896100000000001       0.89160089314378710     
   13.911900000000001       0.98537740994474388     
   13.927700000000000        1.0377620502858960     
   13.943500000000002       0.96729233579461327     
   13.959300000000001        1.0058829302430874     
   13.975100000000001        1.0442966311827584     
   13.990900000000000       0.92015419005649157     
   14.006700000000002        1.2016039665970935     
   14.022500000000001       0.96989473011423066     
   14.038300000000000       0.83330819333027173     
   14.054100000000000        1.0996406209335337     
   14.069900000000002       0.84294944451104348     
   14.085700000000001       0.96121077043165548     
   14.101500000000000       0.77257450293994123     
   14.117300000000000       0.99678381345113454     
   14.133100000000002       0.88847035230151983     
   14.148900000000001       0.96587407025954475     
   14.164700000000000       0.83170399813775886     
   14.180500000000000        1.0801243717541986     
   14.196300000000003       0.85429137460465643     
   14.212100000000001       0.87862042549786679     
   14.227900000000000       0.62806216369467338     
   14.243700000000000        1.0183380435040659     
   14.259500000000003       0.97700248959735148     
   14.275300000000001       0.96184310080661595     
   14.291100000000000        1.1412856537474962     
   14.306899999999999        1.2552309915691089     
   14.322700000000001       0.95548732743883280     
   14.338500000000002        1.1852866381093037     
   14.354300000000000       0.92557467216746758     
   14.370099999999999        1.1031177512876325     
   14.385900000000001        1.0111044457636220     
   14.401700000000002        1.0216578352833827     
   14.417500000000000        1.0703908030659477     
   14.433299999999999       0.90275535767480364     
   14.449100000000001       0.83734676195280744     
   14.464900000000002       0.94945283481900233     
   14.480700000000001        1.0484361410814180     
   14.496499999999999        1.0083392456738174     
   14.512300000000002       0.98099119896921871     
   14.528100000000002        1.0667048957820113     
   14.543900000000001       0.92664409790710855     
   14.559699999999999       0.92463402473105916     
   14.575500000000002        1.0722462391312404     
   14.591300000000000       0.85842848709962527     
   14.607100000000001       0.91864289189858417     
   14.622900000000000       0.86710965936095430     
   14.638700000000002       0.96412331600277879     
   14.654500000000001       0.97437938104958144     
   14.670300000000001        1.0092037761154422     
   14.686100000000000        1.0561570289954403     
   14.701900000000002       0.90683400164237382     
   14.717700000000001        1.0638548186622907     
   14.733500000000001        1.1591903452473320     
   14.749300000000000       0.90101476159858640     
   14.765100000000002       0.97198644111497312     
   14.780900000000001        1.1153959799712412     
   14.796700000000001        1.0767212257988732     
   14.812500000000000        1.1710030139665131     
   14.828300000000002        1.0239510679567148     
   14.844100000000001        1.0337933018328305     
   14.859900000000000       0.82767592458310957     
   14.875700000000000       0.99349634892828120     
   14.891500000000002        1.0988892919037594     
   14.907300000000001        1.0369654235017300     
   14.923100000000000       0.90393770030307807     
   14.938900000000000       0.80707645632154723     
   14.954700000000003       0.81721567140641616     
   14.970500000000001       0.98095364975628618     
   14.986300000000000       0.87274201025064546     
   15.002100000000000       0.92974956874360026     
   15.017900000000003       0.88081733560650644     
   15.033700000000001        1.0547602556404805     
   15.049500000000000        1.1110215153255152     
   15.065300000000001        1.1320332217835576     
   15.081100000000003       0.93168038964804600     
   15.096900000000002        1.0924342401415850     
   15.112700000000000        1.0669564953875721     
   15.128499999999999        1.0415827463575975     
   15.144300000000001       0.91237145675568532     
   15.160100000000002        1.2101192629802964     
   15.175900000000000       0.90857584412797110     
   15.191699999999999        1.0788426568553982     
   15.207500000000001       0.87044422731595095     
   15.223300000000002        1.0743684571752261     
   15.239100000000001       0.99230144171075407     
   15.254899999999999       0.96748268953737315     
   15.270700000000001        1.0222747326292796     
   15.286500000000002        1.0314977354541324     
   15.302300000000001       0.96149827541668642     
   15.318099999999999       0.89178527800533691     
   15.333900000000002       0.96880463063762157     
   15.349700000000002        1.1017150954095567     
   15.365500000000001       0.90872951351764841     
   15.381300000000000        1.1643680017359259     
   15.397100000000002        1.0725965126688355     
   15.412900000000000       0.80279892732393376     
   15.428700000000001        1.0348258954181691     
   15.444500000000000        1.0327096877813311     
   15.460300000000002       0.98627308473257169     
   15.476100000000001        1.0506149090530745     
   15.491900000000001        1.2360944646112852     
   15.507700000000000        1.0573516812695489     
   15.523500000000002       0.91230868519646546     
   15.539300000000001       0.88851573965164088     
   15.555100000000001        1.0071292785280552     
   15.570900000000000        1.0815603874408011     
   15.586700000000002        1.1338823510330280     
   15.602500000000001        1.1642289773593779     
   15.618300000000001       0.79268081707857119     
   15.634100000000000        1.1703641063213304     
   15.649900000000002       0.93007576304750739     
   15.665700000000001       0.97137273237408994     
   15.681500000000000        1.0340440453200446     
   15.697300000000000        1.0319634745029145     
   15.713100000000003        1.0406171890187292     
   15.728900000000001        1.0492340670444198     
   15.744700000000000        1.0898692560967407     
   15.760500000000000        1.0237036706849743     
   15.776300000000003       0.88330520634871901     
   15.792100000000001       0.97712711904029226     
   15.807900000000000        0.0000000000000000     
