%!PS-Adobe-1.0
%%DocumentFonts:Helvetica
%%Title:vmd.ps
%%Creator:VMD -- Visual Molecular Dynamics
%%CreationDate:
%%Pages:1
%%BoundingBox:0 0 612 792
%%EndComments
%%Page:1 1
0.00 0.00 0.00 setrgbcolor    % background color
newpath
0 0 moveto
0 792 lineto
792 792 lineto
792 0 lineto
closepath
fill
stroke
/s
{ newpath moveto lineto lineto lineto closepath fill stroke } def
/sw
{ newpath moveto lineto lineto lineto closepath stroke } def
/t
{ newpath moveto lineto lineto closepath fill stroke } def
/tw
{ newpath moveto lineto lineto closepath stroke } def
/p
{ dup dup dup 5 -1 roll dup dup dup 8 -1 roll exch 8 -1
  roll 4 1 roll 8 -1 roll 6 1 roll newpath -1 add moveto
  1 add lineto exch -1 add exch moveto exch 1 add exch
  lineto closepath stroke } def
/l
{ newpath moveto lineto closepath stroke } def
/mc
{ dup 4 1 roll dup 3 1 roll mul 5 1 roll mul 4 1 roll
  mul 3 1 roll } def
/gc
{ 2 1 roll dup 3 -1 roll get dup dup 0 get 3 1 roll
  1 get 3 1 roll 2 get 3 -1 roll exch } def
/text
{ moveto show } def
/ts
{ /Helvetica findfont exch scalefont setfont } def
/c
{ 3 1 roll gc 5 -1 roll mc setrgbcolor } def

[ 0.00 0.00 1.00 ]
[ 1.00 0.00 0.00 ]
[ 0.35 0.35 0.35 ]
[ 1.00 0.50 0.00 ]
[ 1.00 1.00 0.00 ]
[ 0.50 0.50 0.20 ]
[ 0.60 0.60 0.60 ]
[ 0.00 1.00 0.00 ]
[ 1.00 1.00 1.00 ]
[ 1.00 0.60 0.60 ]
[ 0.25 0.75 0.75 ]
[ 0.65 0.00 0.65 ]
[ 0.50 0.90 0.40 ]
[ 0.90 0.40 0.70 ]
[ 0.50 0.30 0.00 ]
[ 0.50 0.50 0.75 ]
[ 0.00 0.00 0.00 ]
[ 0.88 0.97 0.02 ]
[ 0.55 0.90 0.02 ]
[ 0.00 0.90 0.04 ]
[ 0.00 0.90 0.50 ]
[ 0.00 0.88 1.00 ]
[ 0.00 0.76 1.00 ]
[ 0.02 0.38 0.67 ]
[ 0.01 0.04 0.93 ]
[ 0.27 0.00 0.98 ]
[ 0.45 0.00 0.90 ]
[ 0.90 0.00 0.90 ]
[ 1.00 0.00 0.66 ]
[ 0.98 0.00 0.23 ]
[ 0.81 0.00 0.00 ]
[ 0.89 0.35 0.00 ]
[ 0.96 0.72 0.00 ]
[ 1.00 0.06 0.06 ]
[ 1.00 0.06 0.06 ]
[ 1.00 0.06 0.06 ]
[ 1.00 0.07 0.07 ]
[ 1.00 0.07 0.07 ]
[ 1.00 0.07 0.07 ]
[ 1.00 0.07 0.07 ]
[ 1.00 0.07 0.07 ]
[ 1.00 0.08 0.08 ]
[ 1.00 0.08 0.08 ]
[ 1.00 0.08 0.08 ]
[ 1.00 0.08 0.08 ]
[ 1.00 0.08 0.08 ]
[ 1.00 0.09 0.09 ]
[ 1.00 0.09 0.09 ]
[ 1.00 0.09 0.09 ]
[ 1.00 0.09 0.09 ]
[ 1.00 0.09 0.09 ]
[ 1.00 0.10 0.10 ]
[ 1.00 0.10 0.10 ]
[ 1.00 0.10 0.10 ]
[ 1.00 0.10 0.10 ]
[ 1.00 0.10 0.10 ]
[ 1.00 0.10 0.10 ]
[ 1.00 0.11 0.11 ]
[ 1.00 0.11 0.11 ]
[ 1.00 0.11 0.11 ]
[ 1.00 0.11 0.11 ]
[ 1.00 0.11 0.11 ]
[ 1.00 0.12 0.12 ]
[ 1.00 0.12 0.12 ]
[ 1.00 0.12 0.12 ]
[ 1.00 0.12 0.12 ]
[ 1.00 0.12 0.12 ]
[ 1.00 0.13 0.13 ]
[ 1.00 0.13 0.13 ]
[ 1.00 0.13 0.13 ]
[ 1.00 0.13 0.13 ]
[ 1.00 0.13 0.13 ]
[ 1.00 0.14 0.14 ]
[ 1.00 0.14 0.14 ]
[ 1.00 0.14 0.14 ]
[ 1.00 0.14 0.14 ]
[ 1.00 0.14 0.14 ]
[ 1.00 0.15 0.15 ]
[ 1.00 0.15 0.15 ]
[ 1.00 0.15 0.15 ]
[ 1.00 0.15 0.15 ]
[ 1.00 0.15 0.15 ]
[ 1.00 0.16 0.16 ]
[ 1.00 0.16 0.16 ]
[ 1.00 0.16 0.16 ]
[ 1.00 0.16 0.16 ]
[ 1.00 0.16 0.16 ]
[ 1.00 0.17 0.17 ]
[ 1.00 0.17 0.17 ]
[ 1.00 0.17 0.17 ]
[ 1.00 0.17 0.17 ]
[ 1.00 0.17 0.17 ]
[ 1.00 0.18 0.18 ]
[ 1.00 0.18 0.18 ]
[ 1.00 0.18 0.18 ]
[ 1.00 0.18 0.18 ]
[ 1.00 0.18 0.18 ]
[ 1.00 0.19 0.19 ]
[ 1.00 0.19 0.19 ]
[ 1.00 0.19 0.19 ]
[ 1.00 0.19 0.19 ]
[ 1.00 0.19 0.19 ]
[ 1.00 0.19 0.19 ]
[ 1.00 0.20 0.20 ]
[ 1.00 0.20 0.20 ]
[ 1.00 0.20 0.20 ]
[ 1.00 0.20 0.20 ]
[ 1.00 0.20 0.20 ]
[ 1.00 0.21 0.21 ]
[ 1.00 0.21 0.21 ]
[ 1.00 0.21 0.21 ]
[ 1.00 0.21 0.21 ]
[ 1.00 0.21 0.21 ]
[ 1.00 0.22 0.22 ]
[ 1.00 0.22 0.22 ]
[ 1.00 0.22 0.22 ]
[ 1.00 0.22 0.22 ]
[ 1.00 0.22 0.22 ]
[ 1.00 0.23 0.23 ]
[ 1.00 0.23 0.23 ]
[ 1.00 0.23 0.23 ]
[ 1.00 0.23 0.23 ]
[ 1.00 0.23 0.23 ]
[ 1.00 0.24 0.24 ]
[ 1.00 0.24 0.24 ]
[ 1.00 0.24 0.24 ]
[ 1.00 0.24 0.24 ]
[ 1.00 0.24 0.24 ]
[ 1.00 0.25 0.25 ]
[ 1.00 0.25 0.25 ]
[ 1.00 0.25 0.25 ]
[ 1.00 0.25 0.25 ]
[ 1.00 0.25 0.25 ]
[ 1.00 0.26 0.26 ]
[ 1.00 0.26 0.26 ]
[ 1.00 0.26 0.26 ]
[ 1.00 0.26 0.26 ]
[ 1.00 0.26 0.26 ]
[ 1.00 0.27 0.27 ]
[ 1.00 0.27 0.27 ]
[ 1.00 0.27 0.27 ]
[ 1.00 0.27 0.27 ]
[ 1.00 0.27 0.27 ]
[ 1.00 0.28 0.28 ]
[ 1.00 0.28 0.28 ]
[ 1.00 0.28 0.28 ]
[ 1.00 0.28 0.28 ]
[ 1.00 0.28 0.28 ]
[ 1.00 0.28 0.28 ]
[ 1.00 0.29 0.29 ]
[ 1.00 0.29 0.29 ]
[ 1.00 0.29 0.29 ]
[ 1.00 0.29 0.29 ]
[ 1.00 0.29 0.29 ]
[ 1.00 0.30 0.30 ]
[ 1.00 0.30 0.30 ]
[ 1.00 0.30 0.30 ]
[ 1.00 0.30 0.30 ]
[ 1.00 0.30 0.30 ]
[ 1.00 0.31 0.31 ]
[ 1.00 0.31 0.31 ]
[ 1.00 0.31 0.31 ]
[ 1.00 0.31 0.31 ]
[ 1.00 0.31 0.31 ]
[ 1.00 0.32 0.32 ]
[ 1.00 0.32 0.32 ]
[ 1.00 0.32 0.32 ]
[ 1.00 0.32 0.32 ]
[ 1.00 0.32 0.32 ]
[ 1.00 0.33 0.33 ]
[ 1.00 0.33 0.33 ]
[ 1.00 0.33 0.33 ]
[ 1.00 0.33 0.33 ]
[ 1.00 0.33 0.33 ]
[ 1.00 0.34 0.34 ]
[ 1.00 0.34 0.34 ]
[ 1.00 0.34 0.34 ]
[ 1.00 0.34 0.34 ]
[ 1.00 0.34 0.34 ]
[ 1.00 0.35 0.35 ]
[ 1.00 0.35 0.35 ]
[ 1.00 0.35 0.35 ]
[ 1.00 0.35 0.35 ]
[ 1.00 0.35 0.35 ]
[ 1.00 0.36 0.36 ]
[ 1.00 0.36 0.36 ]
[ 1.00 0.36 0.36 ]
[ 1.00 0.36 0.36 ]
[ 1.00 0.36 0.36 ]
[ 1.00 0.36 0.36 ]
[ 1.00 0.37 0.37 ]
[ 1.00 0.37 0.37 ]
[ 1.00 0.37 0.37 ]
[ 1.00 0.37 0.37 ]
[ 1.00 0.37 0.37 ]
[ 1.00 0.38 0.38 ]
[ 1.00 0.38 0.38 ]
[ 1.00 0.38 0.38 ]
[ 1.00 0.38 0.38 ]
[ 1.00 0.38 0.38 ]
[ 1.00 0.39 0.39 ]
[ 1.00 0.39 0.39 ]
[ 1.00 0.39 0.39 ]
[ 1.00 0.39 0.39 ]
[ 1.00 0.39 0.39 ]
[ 1.00 0.40 0.40 ]
[ 1.00 0.40 0.40 ]
[ 1.00 0.40 0.40 ]
[ 1.00 0.40 0.40 ]
[ 1.00 0.40 0.40 ]
[ 1.00 0.41 0.41 ]
[ 1.00 0.41 0.41 ]
[ 1.00 0.41 0.41 ]
[ 1.00 0.41 0.41 ]
[ 1.00 0.41 0.41 ]
[ 1.00 0.42 0.42 ]
[ 1.00 0.42 0.42 ]
[ 1.00 0.42 0.42 ]
[ 1.00 0.42 0.42 ]
[ 1.00 0.42 0.42 ]
[ 1.00 0.43 0.43 ]
[ 1.00 0.43 0.43 ]
[ 1.00 0.43 0.43 ]
[ 1.00 0.43 0.43 ]
[ 1.00 0.43 0.43 ]
[ 1.00 0.44 0.44 ]
[ 1.00 0.44 0.44 ]
[ 1.00 0.44 0.44 ]
[ 1.00 0.44 0.44 ]
[ 1.00 0.44 0.44 ]
[ 1.00 0.45 0.45 ]
[ 1.00 0.45 0.45 ]
[ 1.00 0.45 0.45 ]
[ 1.00 0.45 0.45 ]
[ 1.00 0.45 0.45 ]
[ 1.00 0.45 0.45 ]
[ 1.00 0.46 0.46 ]
[ 1.00 0.46 0.46 ]
[ 1.00 0.46 0.46 ]
[ 1.00 0.46 0.46 ]
[ 1.00 0.46 0.46 ]
[ 1.00 0.47 0.47 ]
[ 1.00 0.47 0.47 ]
[ 1.00 0.47 0.47 ]
[ 1.00 0.47 0.47 ]
[ 1.00 0.47 0.47 ]
[ 1.00 0.48 0.48 ]
[ 1.00 0.48 0.48 ]
[ 1.00 0.48 0.48 ]
[ 1.00 0.48 0.48 ]
[ 1.00 0.48 0.48 ]
[ 1.00 0.49 0.49 ]
[ 1.00 0.49 0.49 ]
[ 1.00 0.49 0.49 ]
[ 1.00 0.49 0.49 ]
[ 1.00 0.49 0.49 ]
[ 1.00 0.50 0.50 ]
[ 1.00 0.50 0.50 ]
[ 1.00 0.50 0.50 ]
[ 1.00 0.50 0.50 ]
[ 1.00 0.50 0.50 ]
[ 1.00 0.51 0.51 ]
[ 1.00 0.51 0.51 ]
[ 1.00 0.51 0.51 ]
[ 1.00 0.51 0.51 ]
[ 1.00 0.51 0.51 ]
[ 1.00 0.52 0.52 ]
[ 1.00 0.52 0.52 ]
[ 1.00 0.52 0.52 ]
[ 1.00 0.52 0.52 ]
[ 1.00 0.52 0.52 ]
[ 1.00 0.53 0.53 ]
[ 1.00 0.53 0.53 ]
[ 1.00 0.53 0.53 ]
[ 1.00 0.53 0.53 ]
[ 1.00 0.53 0.53 ]
[ 1.00 0.54 0.54 ]
[ 1.00 0.54 0.54 ]
[ 1.00 0.54 0.54 ]
[ 1.00 0.54 0.54 ]
[ 1.00 0.54 0.54 ]
[ 1.00 0.54 0.54 ]
[ 1.00 0.55 0.55 ]
[ 1.00 0.55 0.55 ]
[ 1.00 0.55 0.55 ]
[ 1.00 0.55 0.55 ]
[ 1.00 0.55 0.55 ]
[ 1.00 0.56 0.56 ]
[ 1.00 0.56 0.56 ]
[ 1.00 0.56 0.56 ]
[ 1.00 0.56 0.56 ]
[ 1.00 0.56 0.56 ]
[ 1.00 0.57 0.57 ]
[ 1.00 0.57 0.57 ]
[ 1.00 0.57 0.57 ]
[ 1.00 0.57 0.57 ]
[ 1.00 0.57 0.57 ]
[ 1.00 0.58 0.58 ]
[ 1.00 0.58 0.58 ]
[ 1.00 0.58 0.58 ]
[ 1.00 0.58 0.58 ]
[ 1.00 0.58 0.58 ]
[ 1.00 0.59 0.59 ]
[ 1.00 0.59 0.59 ]
[ 1.00 0.59 0.59 ]
[ 1.00 0.59 0.59 ]
[ 1.00 0.59 0.59 ]
[ 1.00 0.60 0.60 ]
[ 1.00 0.60 0.60 ]
[ 1.00 0.60 0.60 ]
[ 1.00 0.60 0.60 ]
[ 1.00 0.60 0.60 ]
[ 1.00 0.61 0.61 ]
[ 1.00 0.61 0.61 ]
[ 1.00 0.61 0.61 ]
[ 1.00 0.61 0.61 ]
[ 1.00 0.61 0.61 ]
[ 1.00 0.62 0.62 ]
[ 1.00 0.62 0.62 ]
[ 1.00 0.62 0.62 ]
[ 1.00 0.62 0.62 ]
[ 1.00 0.62 0.62 ]
[ 1.00 0.63 0.63 ]
[ 1.00 0.63 0.63 ]
[ 1.00 0.63 0.63 ]
[ 1.00 0.63 0.63 ]
[ 1.00 0.63 0.63 ]
[ 1.00 0.63 0.63 ]
[ 1.00 0.64 0.64 ]
[ 1.00 0.64 0.64 ]
[ 1.00 0.64 0.64 ]
[ 1.00 0.64 0.64 ]
[ 1.00 0.64 0.64 ]
[ 1.00 0.65 0.65 ]
[ 1.00 0.65 0.65 ]
[ 1.00 0.65 0.65 ]
[ 1.00 0.65 0.65 ]
[ 1.00 0.65 0.65 ]
[ 1.00 0.66 0.66 ]
[ 1.00 0.66 0.66 ]
[ 1.00 0.66 0.66 ]
[ 1.00 0.66 0.66 ]
[ 1.00 0.66 0.66 ]
[ 1.00 0.67 0.67 ]
[ 1.00 0.67 0.67 ]
[ 1.00 0.67 0.67 ]
[ 1.00 0.67 0.67 ]
[ 1.00 0.67 0.67 ]
[ 1.00 0.68 0.68 ]
[ 1.00 0.68 0.68 ]
[ 1.00 0.68 0.68 ]
[ 1.00 0.68 0.68 ]
[ 1.00 0.68 0.68 ]
[ 1.00 0.69 0.69 ]
[ 1.00 0.69 0.69 ]
[ 1.00 0.69 0.69 ]
[ 1.00 0.69 0.69 ]
[ 1.00 0.69 0.69 ]
[ 1.00 0.70 0.70 ]
[ 1.00 0.70 0.70 ]
[ 1.00 0.70 0.70 ]
[ 1.00 0.70 0.70 ]
[ 1.00 0.70 0.70 ]
[ 1.00 0.71 0.71 ]
[ 1.00 0.71 0.71 ]
[ 1.00 0.71 0.71 ]
[ 1.00 0.71 0.71 ]
[ 1.00 0.71 0.71 ]
[ 1.00 0.71 0.71 ]
[ 1.00 0.72 0.72 ]
[ 1.00 0.72 0.72 ]
[ 1.00 0.72 0.72 ]
[ 1.00 0.72 0.72 ]
[ 1.00 0.72 0.72 ]
[ 1.00 0.73 0.73 ]
[ 1.00 0.73 0.73 ]
[ 1.00 0.73 0.73 ]
[ 1.00 0.73 0.73 ]
[ 1.00 0.73 0.73 ]
[ 1.00 0.74 0.74 ]
[ 1.00 0.74 0.74 ]
[ 1.00 0.74 0.74 ]
[ 1.00 0.74 0.74 ]
[ 1.00 0.74 0.74 ]
[ 1.00 0.75 0.75 ]
[ 1.00 0.75 0.75 ]
[ 1.00 0.75 0.75 ]
[ 1.00 0.75 0.75 ]
[ 1.00 0.75 0.75 ]
[ 1.00 0.76 0.76 ]
[ 1.00 0.76 0.76 ]
[ 1.00 0.76 0.76 ]
[ 1.00 0.76 0.76 ]
[ 1.00 0.76 0.76 ]
[ 1.00 0.77 0.77 ]
[ 1.00 0.77 0.77 ]
[ 1.00 0.77 0.77 ]
[ 1.00 0.77 0.77 ]
[ 1.00 0.77 0.77 ]
[ 1.00 0.78 0.78 ]
[ 1.00 0.78 0.78 ]
[ 1.00 0.78 0.78 ]
[ 1.00 0.78 0.78 ]
[ 1.00 0.78 0.78 ]
[ 1.00 0.79 0.79 ]
[ 1.00 0.79 0.79 ]
[ 1.00 0.79 0.79 ]
[ 1.00 0.79 0.79 ]
[ 1.00 0.79 0.79 ]
[ 1.00 0.80 0.80 ]
[ 1.00 0.80 0.80 ]
[ 1.00 0.80 0.80 ]
[ 1.00 0.80 0.80 ]
[ 1.00 0.80 0.80 ]
[ 1.00 0.80 0.80 ]
[ 1.00 0.81 0.81 ]
[ 1.00 0.81 0.81 ]
[ 1.00 0.81 0.81 ]
[ 1.00 0.81 0.81 ]
[ 1.00 0.81 0.81 ]
[ 1.00 0.82 0.82 ]
[ 1.00 0.82 0.82 ]
[ 1.00 0.82 0.82 ]
[ 1.00 0.82 0.82 ]
[ 1.00 0.82 0.82 ]
[ 1.00 0.83 0.83 ]
[ 1.00 0.83 0.83 ]
[ 1.00 0.83 0.83 ]
[ 1.00 0.83 0.83 ]
[ 1.00 0.83 0.83 ]
[ 1.00 0.84 0.84 ]
[ 1.00 0.84 0.84 ]
[ 1.00 0.84 0.84 ]
[ 1.00 0.84 0.84 ]
[ 1.00 0.84 0.84 ]
[ 1.00 0.85 0.85 ]
[ 1.00 0.85 0.85 ]
[ 1.00 0.85 0.85 ]
[ 1.00 0.85 0.85 ]
[ 1.00 0.85 0.85 ]
[ 1.00 0.86 0.86 ]
[ 1.00 0.86 0.86 ]
[ 1.00 0.86 0.86 ]
[ 1.00 0.86 0.86 ]
[ 1.00 0.86 0.86 ]
[ 1.00 0.87 0.87 ]
[ 1.00 0.87 0.87 ]
[ 1.00 0.87 0.87 ]
[ 1.00 0.87 0.87 ]
[ 1.00 0.87 0.87 ]
[ 1.00 0.88 0.88 ]
[ 1.00 0.88 0.88 ]
[ 1.00 0.88 0.88 ]
[ 1.00 0.88 0.88 ]
[ 1.00 0.88 0.88 ]
[ 1.00 0.89 0.89 ]
[ 1.00 0.89 0.89 ]
[ 1.00 0.89 0.89 ]
[ 1.00 0.89 0.89 ]
[ 1.00 0.89 0.89 ]
[ 1.00 0.89 0.89 ]
[ 1.00 0.90 0.90 ]
[ 1.00 0.90 0.90 ]
[ 1.00 0.90 0.90 ]
[ 1.00 0.90 0.90 ]
[ 1.00 0.90 0.90 ]
[ 1.00 0.91 0.91 ]
[ 1.00 0.91 0.91 ]
[ 1.00 0.91 0.91 ]
[ 1.00 0.91 0.91 ]
[ 1.00 0.91 0.91 ]
[ 1.00 0.92 0.92 ]
[ 1.00 0.92 0.92 ]
[ 1.00 0.92 0.92 ]
[ 1.00 0.92 0.92 ]
[ 1.00 0.92 0.92 ]
[ 1.00 0.93 0.93 ]
[ 1.00 0.93 0.93 ]
[ 1.00 0.93 0.93 ]
[ 1.00 0.93 0.93 ]
[ 1.00 0.93 0.93 ]
[ 1.00 0.94 0.94 ]
[ 1.00 0.94 0.94 ]
[ 1.00 0.94 0.94 ]
[ 1.00 0.94 0.94 ]
[ 1.00 0.94 0.94 ]
[ 1.00 0.95 0.95 ]
[ 1.00 0.95 0.95 ]
[ 1.00 0.95 0.95 ]
[ 1.00 0.95 0.95 ]
[ 1.00 0.95 0.95 ]
[ 1.00 0.96 0.96 ]
[ 1.00 0.96 0.96 ]
[ 1.00 0.96 0.96 ]
[ 1.00 0.96 0.96 ]
[ 1.00 0.96 0.96 ]
[ 1.00 0.97 0.97 ]
[ 1.00 0.97 0.97 ]
[ 1.00 0.97 0.97 ]
[ 1.00 0.97 0.97 ]
[ 1.00 0.97 0.97 ]
[ 1.00 0.97 0.97 ]
[ 1.00 0.98 0.98 ]
[ 1.00 0.98 0.98 ]
[ 1.00 0.98 0.98 ]
[ 1.00 0.98 0.98 ]
[ 1.00 0.98 0.98 ]
[ 1.00 0.99 0.99 ]
[ 1.00 0.99 0.99 ]
[ 1.00 0.99 0.99 ]
[ 1.00 0.99 0.99 ]
[ 1.00 0.99 0.99 ]
[ 1.00 1.00 1.00 ]
[ 1.00 1.00 1.00 ]
[ 1.00 1.00 1.00 ]
[ 1.00 1.00 1.00 ]
[ 1.00 1.00 1.00 ]
[ 1.00 1.00 1.00 ]
[ 1.00 1.00 1.00 ]
[ 1.00 1.00 1.00 ]
[ 1.00 1.00 1.00 ]
[ 1.00 1.00 1.00 ]
[ 1.00 1.00 1.00 ]
[ 1.00 1.00 1.00 ]
[ 1.00 1.00 1.00 ]
[ 1.00 1.00 1.00 ]
[ 1.00 1.00 1.00 ]
[ 1.00 1.00 1.00 ]
[ 1.00 1.00 1.00 ]
[ 1.00 1.00 1.00 ]
[ 1.00 1.00 1.00 ]
[ 1.00 1.00 1.00 ]
[ 1.00 1.00 1.00 ]
[ 1.00 1.00 1.00 ]
[ 1.00 1.00 1.00 ]
[ 1.00 1.00 1.00 ]
[ 1.00 1.00 1.00 ]
[ 1.00 1.00 1.00 ]
[ 1.00 1.00 1.00 ]
[ 1.00 1.00 1.00 ]
[ 1.00 1.00 1.00 ]
[ 1.00 1.00 1.00 ]
[ 1.00 1.00 1.00 ]
[ 1.00 1.00 1.00 ]
[ 1.00 1.00 1.00 ]
[ 1.00 1.00 1.00 ]
[ 1.00 1.00 1.00 ]
[ 1.00 1.00 1.00 ]
[ 1.00 1.00 1.00 ]
[ 1.00 1.00 1.00 ]
[ 1.00 1.00 1.00 ]
[ 1.00 1.00 1.00 ]
[ 1.00 1.00 1.00 ]
[ 1.00 1.00 1.00 ]
[ 1.00 1.00 1.00 ]
[ 1.00 1.00 1.00 ]
[ 1.00 1.00 1.00 ]
[ 1.00 1.00 1.00 ]
[ 1.00 1.00 1.00 ]
[ 1.00 1.00 1.00 ]
[ 1.00 1.00 1.00 ]
[ 1.00 1.00 1.00 ]
[ 1.00 1.00 1.00 ]
[ 1.00 1.00 1.00 ]
[ 1.00 1.00 1.00 ]
[ 1.00 1.00 1.00 ]
[ 1.00 1.00 1.00 ]
[ 1.00 1.00 1.00 ]
[ 1.00 1.00 1.00 ]
[ 1.00 1.00 1.00 ]
[ 1.00 1.00 1.00 ]
[ 1.00 1.00 1.00 ]
[ 1.00 1.00 1.00 ]
[ 1.00 1.00 1.00 ]
[ 1.00 1.00 1.00 ]
[ 1.00 1.00 1.00 ]
[ 1.00 1.00 1.00 ]
[ 1.00 1.00 1.00 ]
[ 0.99 0.99 1.00 ]
[ 0.99 0.99 1.00 ]
[ 0.99 0.99 1.00 ]
[ 0.99 0.99 1.00 ]
[ 0.99 0.99 1.00 ]
[ 0.98 0.98 1.00 ]
[ 0.98 0.98 1.00 ]
[ 0.98 0.98 1.00 ]
[ 0.98 0.98 1.00 ]
[ 0.98 0.98 1.00 ]
[ 0.97 0.97 1.00 ]
[ 0.97 0.97 1.00 ]
[ 0.97 0.97 1.00 ]
[ 0.97 0.97 1.00 ]
[ 0.97 0.97 1.00 ]
[ 0.97 0.97 1.00 ]
[ 0.96 0.96 1.00 ]
[ 0.96 0.96 1.00 ]
[ 0.96 0.96 1.00 ]
[ 0.96 0.96 1.00 ]
[ 0.96 0.96 1.00 ]
[ 0.95 0.95 1.00 ]
[ 0.95 0.95 1.00 ]
[ 0.95 0.95 1.00 ]
[ 0.95 0.95 1.00 ]
[ 0.95 0.95 1.00 ]
[ 0.94 0.94 1.00 ]
[ 0.94 0.94 1.00 ]
[ 0.94 0.94 1.00 ]
[ 0.94 0.94 1.00 ]
[ 0.94 0.94 1.00 ]
[ 0.93 0.93 1.00 ]
[ 0.93 0.93 1.00 ]
[ 0.93 0.93 1.00 ]
[ 0.93 0.93 1.00 ]
[ 0.93 0.93 1.00 ]
[ 0.92 0.92 1.00 ]
[ 0.92 0.92 1.00 ]
[ 0.92 0.92 1.00 ]
[ 0.92 0.92 1.00 ]
[ 0.92 0.92 1.00 ]
[ 0.91 0.91 1.00 ]
[ 0.91 0.91 1.00 ]
[ 0.91 0.91 1.00 ]
[ 0.91 0.91 1.00 ]
[ 0.91 0.91 1.00 ]
[ 0.90 0.90 1.00 ]
[ 0.90 0.90 1.00 ]
[ 0.90 0.90 1.00 ]
[ 0.90 0.90 1.00 ]
[ 0.90 0.90 1.00 ]
[ 0.89 0.89 1.00 ]
[ 0.89 0.89 1.00 ]
[ 0.89 0.89 1.00 ]
[ 0.89 0.89 1.00 ]
[ 0.89 0.89 1.00 ]
[ 0.89 0.89 1.00 ]
[ 0.88 0.88 1.00 ]
[ 0.88 0.88 1.00 ]
[ 0.88 0.88 1.00 ]
[ 0.88 0.88 1.00 ]
[ 0.88 0.88 1.00 ]
[ 0.87 0.87 1.00 ]
[ 0.87 0.87 1.00 ]
[ 0.87 0.87 1.00 ]
[ 0.87 0.87 1.00 ]
[ 0.87 0.87 1.00 ]
[ 0.86 0.86 1.00 ]
[ 0.86 0.86 1.00 ]
[ 0.86 0.86 1.00 ]
[ 0.86 0.86 1.00 ]
[ 0.86 0.86 1.00 ]
[ 0.85 0.85 1.00 ]
[ 0.85 0.85 1.00 ]
[ 0.85 0.85 1.00 ]
[ 0.85 0.85 1.00 ]
[ 0.85 0.85 1.00 ]
[ 0.84 0.84 1.00 ]
[ 0.84 0.84 1.00 ]
[ 0.84 0.84 1.00 ]
[ 0.84 0.84 1.00 ]
[ 0.84 0.84 1.00 ]
[ 0.83 0.83 1.00 ]
[ 0.83 0.83 1.00 ]
[ 0.83 0.83 1.00 ]
[ 0.83 0.83 1.00 ]
[ 0.83 0.83 1.00 ]
[ 0.82 0.82 1.00 ]
[ 0.82 0.82 1.00 ]
[ 0.82 0.82 1.00 ]
[ 0.82 0.82 1.00 ]
[ 0.82 0.82 1.00 ]
[ 0.81 0.81 1.00 ]
[ 0.81 0.81 1.00 ]
[ 0.81 0.81 1.00 ]
[ 0.81 0.81 1.00 ]
[ 0.81 0.81 1.00 ]
[ 0.80 0.80 1.00 ]
[ 0.80 0.80 1.00 ]
[ 0.80 0.80 1.00 ]
[ 0.80 0.80 1.00 ]
[ 0.80 0.80 1.00 ]
[ 0.80 0.80 1.00 ]
[ 0.79 0.79 1.00 ]
[ 0.79 0.79 1.00 ]
[ 0.79 0.79 1.00 ]
[ 0.79 0.79 1.00 ]
[ 0.79 0.79 1.00 ]
[ 0.78 0.78 1.00 ]
[ 0.78 0.78 1.00 ]
[ 0.78 0.78 1.00 ]
[ 0.78 0.78 1.00 ]
[ 0.78 0.78 1.00 ]
[ 0.77 0.77 1.00 ]
[ 0.77 0.77 1.00 ]
[ 0.77 0.77 1.00 ]
[ 0.77 0.77 1.00 ]
[ 0.77 0.77 1.00 ]
[ 0.76 0.76 1.00 ]
[ 0.76 0.76 1.00 ]
[ 0.76 0.76 1.00 ]
[ 0.76 0.76 1.00 ]
[ 0.76 0.76 1.00 ]
[ 0.75 0.75 1.00 ]
[ 0.75 0.75 1.00 ]
[ 0.75 0.75 1.00 ]
[ 0.75 0.75 1.00 ]
[ 0.75 0.75 1.00 ]
[ 0.74 0.74 1.00 ]
[ 0.74 0.74 1.00 ]
[ 0.74 0.74 1.00 ]
[ 0.74 0.74 1.00 ]
[ 0.74 0.74 1.00 ]
[ 0.73 0.73 1.00 ]
[ 0.73 0.73 1.00 ]
[ 0.73 0.73 1.00 ]
[ 0.73 0.73 1.00 ]
[ 0.73 0.73 1.00 ]
[ 0.72 0.72 1.00 ]
[ 0.72 0.72 1.00 ]
[ 0.72 0.72 1.00 ]
[ 0.72 0.72 1.00 ]
[ 0.72 0.72 1.00 ]
[ 0.71 0.71 1.00 ]
[ 0.71 0.71 1.00 ]
[ 0.71 0.71 1.00 ]
[ 0.71 0.71 1.00 ]
[ 0.71 0.71 1.00 ]
[ 0.71 0.71 1.00 ]
[ 0.70 0.70 1.00 ]
[ 0.70 0.70 1.00 ]
[ 0.70 0.70 1.00 ]
[ 0.70 0.70 1.00 ]
[ 0.70 0.70 1.00 ]
[ 0.69 0.69 1.00 ]
[ 0.69 0.69 1.00 ]
[ 0.69 0.69 1.00 ]
[ 0.69 0.69 1.00 ]
[ 0.69 0.69 1.00 ]
[ 0.68 0.68 1.00 ]
[ 0.68 0.68 1.00 ]
[ 0.68 0.68 1.00 ]
[ 0.68 0.68 1.00 ]
[ 0.68 0.68 1.00 ]
[ 0.67 0.67 1.00 ]
[ 0.67 0.67 1.00 ]
[ 0.67 0.67 1.00 ]
[ 0.67 0.67 1.00 ]
[ 0.67 0.67 1.00 ]
[ 0.66 0.66 1.00 ]
[ 0.66 0.66 1.00 ]
[ 0.66 0.66 1.00 ]
[ 0.66 0.66 1.00 ]
[ 0.66 0.66 1.00 ]
[ 0.65 0.65 1.00 ]
[ 0.65 0.65 1.00 ]
[ 0.65 0.65 1.00 ]
[ 0.65 0.65 1.00 ]
[ 0.65 0.65 1.00 ]
[ 0.64 0.64 1.00 ]
[ 0.64 0.64 1.00 ]
[ 0.64 0.64 1.00 ]
[ 0.64 0.64 1.00 ]
[ 0.64 0.64 1.00 ]
[ 0.63 0.63 1.00 ]
[ 0.63 0.63 1.00 ]
[ 0.63 0.63 1.00 ]
[ 0.63 0.63 1.00 ]
[ 0.63 0.63 1.00 ]
[ 0.63 0.63 1.00 ]
[ 0.62 0.62 1.00 ]
[ 0.62 0.62 1.00 ]
[ 0.62 0.62 1.00 ]
[ 0.62 0.62 1.00 ]
[ 0.62 0.62 1.00 ]
[ 0.61 0.61 1.00 ]
[ 0.61 0.61 1.00 ]
[ 0.61 0.61 1.00 ]
[ 0.61 0.61 1.00 ]
[ 0.61 0.61 1.00 ]
[ 0.60 0.60 1.00 ]
[ 0.60 0.60 1.00 ]
[ 0.60 0.60 1.00 ]
[ 0.60 0.60 1.00 ]
[ 0.60 0.60 1.00 ]
[ 0.59 0.59 1.00 ]
[ 0.59 0.59 1.00 ]
[ 0.59 0.59 1.00 ]
[ 0.59 0.59 1.00 ]
[ 0.59 0.59 1.00 ]
[ 0.58 0.58 1.00 ]
[ 0.58 0.58 1.00 ]
[ 0.58 0.58 1.00 ]
[ 0.58 0.58 1.00 ]
[ 0.58 0.58 1.00 ]
[ 0.57 0.57 1.00 ]
[ 0.57 0.57 1.00 ]
[ 0.57 0.57 1.00 ]
[ 0.57 0.57 1.00 ]
[ 0.57 0.57 1.00 ]
[ 0.56 0.56 1.00 ]
[ 0.56 0.56 1.00 ]
[ 0.56 0.56 1.00 ]
[ 0.56 0.56 1.00 ]
[ 0.56 0.56 1.00 ]
[ 0.55 0.55 1.00 ]
[ 0.55 0.55 1.00 ]
[ 0.55 0.55 1.00 ]
[ 0.55 0.55 1.00 ]
[ 0.55 0.55 1.00 ]
[ 0.54 0.54 1.00 ]
[ 0.54 0.54 1.00 ]
[ 0.54 0.54 1.00 ]
[ 0.54 0.54 1.00 ]
[ 0.54 0.54 1.00 ]
[ 0.54 0.54 1.00 ]
[ 0.53 0.53 1.00 ]
[ 0.53 0.53 1.00 ]
[ 0.53 0.53 1.00 ]
[ 0.53 0.53 1.00 ]
[ 0.53 0.53 1.00 ]
[ 0.52 0.52 1.00 ]
[ 0.52 0.52 1.00 ]
[ 0.52 0.52 1.00 ]
[ 0.52 0.52 1.00 ]
[ 0.52 0.52 1.00 ]
[ 0.51 0.51 1.00 ]
[ 0.51 0.51 1.00 ]
[ 0.51 0.51 1.00 ]
[ 0.51 0.51 1.00 ]
[ 0.51 0.51 1.00 ]
[ 0.50 0.50 1.00 ]
[ 0.50 0.50 1.00 ]
[ 0.50 0.50 1.00 ]
[ 0.50 0.50 1.00 ]
[ 0.50 0.50 1.00 ]
[ 0.49 0.49 1.00 ]
[ 0.49 0.49 1.00 ]
[ 0.49 0.49 1.00 ]
[ 0.49 0.49 1.00 ]
[ 0.49 0.49 1.00 ]
[ 0.48 0.48 1.00 ]
[ 0.48 0.48 1.00 ]
[ 0.48 0.48 1.00 ]
[ 0.48 0.48 1.00 ]
[ 0.48 0.48 1.00 ]
[ 0.47 0.47 1.00 ]
[ 0.47 0.47 1.00 ]
[ 0.47 0.47 1.00 ]
[ 0.47 0.47 1.00 ]
[ 0.47 0.47 1.00 ]
[ 0.46 0.46 1.00 ]
[ 0.46 0.46 1.00 ]
[ 0.46 0.46 1.00 ]
[ 0.46 0.46 1.00 ]
[ 0.46 0.46 1.00 ]
[ 0.45 0.45 1.00 ]
[ 0.45 0.45 1.00 ]
[ 0.45 0.45 1.00 ]
[ 0.45 0.45 1.00 ]
[ 0.45 0.45 1.00 ]
[ 0.45 0.45 1.00 ]
[ 0.44 0.44 1.00 ]
[ 0.44 0.44 1.00 ]
[ 0.44 0.44 1.00 ]
[ 0.44 0.44 1.00 ]
[ 0.44 0.44 1.00 ]
[ 0.43 0.43 1.00 ]
[ 0.43 0.43 1.00 ]
[ 0.43 0.43 1.00 ]
[ 0.43 0.43 1.00 ]
[ 0.43 0.43 1.00 ]
[ 0.42 0.42 1.00 ]
[ 0.42 0.42 1.00 ]
[ 0.42 0.42 1.00 ]
[ 0.42 0.42 1.00 ]
[ 0.42 0.42 1.00 ]
[ 0.41 0.41 1.00 ]
[ 0.41 0.41 1.00 ]
[ 0.41 0.41 1.00 ]
[ 0.41 0.41 1.00 ]
[ 0.41 0.41 1.00 ]
[ 0.40 0.40 1.00 ]
[ 0.40 0.40 1.00 ]
[ 0.40 0.40 1.00 ]
[ 0.40 0.40 1.00 ]
[ 0.40 0.40 1.00 ]
[ 0.39 0.39 1.00 ]
[ 0.39 0.39 1.00 ]
[ 0.39 0.39 1.00 ]
[ 0.39 0.39 1.00 ]
[ 0.39 0.39 1.00 ]
[ 0.38 0.38 1.00 ]
[ 0.38 0.38 1.00 ]
[ 0.38 0.38 1.00 ]
[ 0.38 0.38 1.00 ]
[ 0.38 0.38 1.00 ]
[ 0.37 0.37 1.00 ]
[ 0.37 0.37 1.00 ]
[ 0.37 0.37 1.00 ]
[ 0.37 0.37 1.00 ]
[ 0.37 0.37 1.00 ]
[ 0.36 0.36 1.00 ]
[ 0.36 0.36 1.00 ]
[ 0.36 0.36 1.00 ]
[ 0.36 0.36 1.00 ]
[ 0.36 0.36 1.00 ]
[ 0.36 0.36 1.00 ]
[ 0.35 0.35 1.00 ]
[ 0.35 0.35 1.00 ]
[ 0.35 0.35 1.00 ]
[ 0.35 0.35 1.00 ]
[ 0.35 0.35 1.00 ]
[ 0.34 0.34 1.00 ]
[ 0.34 0.34 1.00 ]
[ 0.34 0.34 1.00 ]
[ 0.34 0.34 1.00 ]
[ 0.34 0.34 1.00 ]
[ 0.33 0.33 1.00 ]
[ 0.33 0.33 1.00 ]
[ 0.33 0.33 1.00 ]
[ 0.33 0.33 1.00 ]
[ 0.33 0.33 1.00 ]
[ 0.32 0.32 1.00 ]
[ 0.32 0.32 1.00 ]
[ 0.32 0.32 1.00 ]
[ 0.32 0.32 1.00 ]
[ 0.32 0.32 1.00 ]
[ 0.31 0.31 1.00 ]
[ 0.31 0.31 1.00 ]
[ 0.31 0.31 1.00 ]
[ 0.31 0.31 1.00 ]
[ 0.31 0.31 1.00 ]
[ 0.30 0.30 1.00 ]
[ 0.30 0.30 1.00 ]
[ 0.30 0.30 1.00 ]
[ 0.30 0.30 1.00 ]
[ 0.30 0.30 1.00 ]
[ 0.29 0.29 1.00 ]
[ 0.29 0.29 1.00 ]
[ 0.29 0.29 1.00 ]
[ 0.29 0.29 1.00 ]
[ 0.29 0.29 1.00 ]
[ 0.28 0.28 1.00 ]
[ 0.28 0.28 1.00 ]
[ 0.28 0.28 1.00 ]
[ 0.28 0.28 1.00 ]
[ 0.28 0.28 1.00 ]
[ 0.28 0.28 1.00 ]
[ 0.27 0.27 1.00 ]
[ 0.27 0.27 1.00 ]
[ 0.27 0.27 1.00 ]
[ 0.27 0.27 1.00 ]
[ 0.27 0.27 1.00 ]
[ 0.26 0.26 1.00 ]
[ 0.26 0.26 1.00 ]
[ 0.26 0.26 1.00 ]
[ 0.26 0.26 1.00 ]
[ 0.26 0.26 1.00 ]
[ 0.25 0.25 1.00 ]
[ 0.25 0.25 1.00 ]
[ 0.25 0.25 1.00 ]
[ 0.25 0.25 1.00 ]
[ 0.25 0.25 1.00 ]
[ 0.24 0.24 1.00 ]
[ 0.24 0.24 1.00 ]
[ 0.24 0.24 1.00 ]
[ 0.24 0.24 1.00 ]
[ 0.24 0.24 1.00 ]
[ 0.23 0.23 1.00 ]
[ 0.23 0.23 1.00 ]
[ 0.23 0.23 1.00 ]
[ 0.23 0.23 1.00 ]
[ 0.23 0.23 1.00 ]
[ 0.22 0.22 1.00 ]
[ 0.22 0.22 1.00 ]
[ 0.22 0.22 1.00 ]
[ 0.22 0.22 1.00 ]
[ 0.22 0.22 1.00 ]
[ 0.21 0.21 1.00 ]
[ 0.21 0.21 1.00 ]
[ 0.21 0.21 1.00 ]
[ 0.21 0.21 1.00 ]
[ 0.21 0.21 1.00 ]
[ 0.20 0.20 1.00 ]
[ 0.20 0.20 1.00 ]
[ 0.20 0.20 1.00 ]
[ 0.20 0.20 1.00 ]
[ 0.20 0.20 1.00 ]
[ 0.19 0.19 1.00 ]
[ 0.19 0.19 1.00 ]
[ 0.19 0.19 1.00 ]
[ 0.19 0.19 1.00 ]
[ 0.19 0.19 1.00 ]
[ 0.19 0.19 1.00 ]
[ 0.18 0.18 1.00 ]
[ 0.18 0.18 1.00 ]
[ 0.18 0.18 1.00 ]
[ 0.18 0.18 1.00 ]
[ 0.18 0.18 1.00 ]
[ 0.17 0.17 1.00 ]
[ 0.17 0.17 1.00 ]
[ 0.17 0.17 1.00 ]
[ 0.17 0.17 1.00 ]
[ 0.17 0.17 1.00 ]
[ 0.16 0.16 1.00 ]
[ 0.16 0.16 1.00 ]
[ 0.16 0.16 1.00 ]
[ 0.16 0.16 1.00 ]
[ 0.16 0.16 1.00 ]
[ 0.15 0.15 1.00 ]
[ 0.15 0.15 1.00 ]
[ 0.15 0.15 1.00 ]
[ 0.15 0.15 1.00 ]
[ 0.15 0.15 1.00 ]
[ 0.14 0.14 1.00 ]
[ 0.14 0.14 1.00 ]
[ 0.14 0.14 1.00 ]
[ 0.14 0.14 1.00 ]
[ 0.14 0.14 1.00 ]
[ 0.13 0.13 1.00 ]
[ 0.13 0.13 1.00 ]
[ 0.13 0.13 1.00 ]
[ 0.13 0.13 1.00 ]
[ 0.13 0.13 1.00 ]
[ 0.12 0.12 1.00 ]
[ 0.12 0.12 1.00 ]
[ 0.12 0.12 1.00 ]
[ 0.12 0.12 1.00 ]
[ 0.12 0.12 1.00 ]
[ 0.11 0.11 1.00 ]
[ 0.11 0.11 1.00 ]
[ 0.11 0.11 1.00 ]
[ 0.11 0.11 1.00 ]
[ 0.11 0.11 1.00 ]
[ 0.10 0.10 1.00 ]
[ 0.10 0.10 1.00 ]
[ 0.10 0.10 1.00 ]
[ 0.10 0.10 1.00 ]
[ 0.10 0.10 1.00 ]
[ 0.10 0.10 1.00 ]
[ 0.09 0.09 1.00 ]
[ 0.09 0.09 1.00 ]
[ 0.09 0.09 1.00 ]
[ 0.09 0.09 1.00 ]
[ 0.09 0.09 1.00 ]
[ 0.08 0.08 1.00 ]
[ 0.08 0.08 1.00 ]
[ 0.08 0.08 1.00 ]
[ 0.08 0.08 1.00 ]
[ 0.08 0.08 1.00 ]
[ 0.07 0.07 1.00 ]
[ 0.07 0.07 1.00 ]
[ 0.07 0.07 1.00 ]
[ 0.07 0.07 1.00 ]
[ 0.07 0.07 1.00 ]
[ 0.06 0.06 1.00 ]
[ 0.06 0.06 1.00 ]
[ 0.06 0.06 1.00 ]
1057 array astore
10 0.40 c 135 234 135 230 134 234 t
10 0.30 c 139 230 139 229 135 230 t
10 0.47 c 134 234 135 238 135 234 t
10 0.23 c 139 230 142 230 139 229 t
10 0.57 c 135 234 139 230 135 230 t
7 0.83 c 137 234 136 234 138 270 139 270 s
7 0.92 c 138 234 137 234 139 270 140 269 s
7 0.71 c 136 234 135 234 137 270 138 270 s
7 0.98 c 139 234 138 234 140 269 141 269 s
7 0.56 c 135 234 134 234 137 270 137 270 s
7 1.00 c 140 234 139 234 141 269 142 269 s
7 0.38 c 134 234 134 234 136 270 137 270 s
1 0.92 c 139 231 139 232 175 230 175 229 s
1 0.97 c 139 232 139 233 175 231 175 230 s
1 0.82 c 138 231 139 231 175 229 175 228 s
7 0.98 c 141 233 140 234 142 269 143 269 s
10 0.69 c 135 234 135 238 139 238 t
10 0.46 c 139 230 142 234 142 230 t
1 0.99 c 139 233 139 234 175 232 175 231 s
10 0.47 c 135 238 139 239 139 238 t
1 0.70 c 138 230 138 231 175 228 174 228 s
10 0.23 c 142 234 144 234 142 230 t
7 0.19 c 134 234 134 234 136 270 136 270 s
10 0.85 c 139 234 139 230 135 234 t
1 0.98 c 139 234 139 235 175 233 175 232 s
7 0.92 c 142 233 141 233 143 269 144 269 s
1 0.55 c 138 229 138 230 174 228 174 227 s
1 0.92 c 139 235 139 236 175 234 175 233 s
10 0.40 c 139 238 139 239 142 238 t
10 0.30 c 142 234 142 238 144 234 t
7 0.00 c 134 234 134 234 136 270 136 270 s
1 0.38 c 138 229 138 229 174 227 174 227 s
10 0.93 c 135 234 139 238 139 234 t
7 0.83 c 142 233 142 233 144 269 145 269 s
10 0.78 c 139 234 142 234 139 230 t
1 0.83 c 139 236 139 237 175 235 175 234 s
10 0.57 c 142 234 139 238 142 238 t
1 0.19 c 138 229 138 229 174 227 174 227 s
7 0.20 c 134 234 134 235 136 270 136 270 s
7 0.45 c 138 269 135 269 141 276 t
7 0.71 c 143 234 142 233 145 269 145 269 s
10 0.85 c 139 234 139 238 142 234 t
7 0.51 c 141 269 138 269 141 276 t
1 0.71 c 139 237 139 238 175 235 175 235 s
7 0.34 c 135 269 132 270 141 276 t
1 0.00 c 138 229 138 229 174 227 174 227 s
7 0.38 c 134 235 134 235 136 270 136 270 s
7 0.56 c 143 234 143 234 145 269 146 269 s
7 0.53 c 144 269 141 269 141 276 t
1 0.56 c 139 238 139 238 175 236 175 235 s
7 0.20 c 132 270 131 270 141 276 t
1 0.20 c 138 229 138 229 174 227 174 227 s
7 0.56 c 134 235 134 235 137 270 136 270 s
7 0.38 c 144 234 143 234 146 269 146 270 s
1 0.57 c 174 226 175 229 181 231 t
1 0.39 c 139 238 139 239 175 237 175 236 s
1 0.60 c 175 229 175 232 181 231 t
1 0.39 c 138 230 138 229 174 227 174 228 s
1 0.49 c 174 223 174 226 181 231 t
7 0.49 c 147 269 144 269 141 276 t
7 0.71 c 134 235 135 235 137 271 137 270 s
7 0.20 c 144 234 144 234 146 270 146 270 s
7 0.04 c 131 270 130 271 141 276 t
1 0.20 c 139 239 139 239 175 237 175 237 s
1 0.59 c 175 232 175 235 181 231 t
1 0.56 c 138 231 138 230 174 228 175 228 s
1 0.37 c 174 222 174 223 181 231 t
7 0.83 c 135 235 136 235 138 271 137 271 s
7 0.00 c 144 234 144 234 146 270 146 270 s
1 0.00 c 139 239 139 239 175 237 175 237 s
1 0.71 c 139 231 138 231 175 228 175 229 s
7 0.41 c 150 269 147 269 141 276 t
7 0.92 c 136 235 137 235 139 271 138 271 s
7 0.19 c 143 234 144 234 146 270 146 270 s
1 0.53 c 175 235 175 238 181 231 t
1 0.22 c 174 221 174 222 181 231 t
1 0.19 c 139 239 139 239 175 237 175 237 s
7 0.12 c 130 271 131 271 141 276 t
7 0.98 c 137 235 138 235 140 271 139 271 s
1 0.83 c 139 232 139 231 175 229 175 230 s
7 0.38 c 143 234 143 234 146 270 145 270 s
7 1.00 c 138 235 139 235 141 270 140 271 s
1 0.38 c 139 239 139 239 175 237 175 237 s
7 0.56 c 142 234 143 234 145 270 145 270 s
1 0.92 c 139 233 139 232 175 230 175 231 s
7 0.98 c 139 235 140 235 142 270 141 270 s
7 0.71 c 142 234 142 234 145 270 144 270 s
7 0.92 c 140 235 141 234 143 270 142 270 s
1 0.55 c 139 239 139 238 175 236 175 237 s
7 0.83 c 141 234 142 234 144 270 143 270 s
1 0.98 c 139 234 139 233 175 231 175 232 s
7 0.29 c 151 269 150 269 141 276 t
1 0.42 c 175 238 175 240 181 231 t
1 0.06 c 174 222 174 221 181 231 t
1 0.70 c 139 238 139 238 175 235 175 236 s
1 0.99 c 139 235 139 234 175 232 175 233 s
1 0.82 c 139 238 139 237 175 235 175 235 s
1 0.97 c 139 236 139 235 175 233 175 234 s
7 0.27 c 131 271 132 271 141 276 t
1 0.92 c 139 237 139 236 175 234 175 235 s
7 0.14 c 152 269 151 269 141 276 t
0 0.08 c 134 231 135 231 135 234 135 235 s
0 0.09 c 134 232 134 231 135 235 134 236 s
1 0.28 c 175 240 175 242 181 231 t
0 0.07 c 135 231 136 230 136 234 135 234 s
1 0.10 c 174 223 174 222 181 231 t
0 0.10 c 134 233 134 232 134 236 134 237 s
0 0.05 c 136 230 137 229 137 233 136 234 s
0 0.11 c 134 234 134 233 134 237 134 238 s
7 0.39 c 132 271 135 271 141 276 t
0 0.03 c 137 229 138 229 138 233 137 233 s
15.000000 ts
8 1 c (y) 142 282 text
0 0.10 c 134 235 134 234 134 238 134 239 s
0 0.01 c 138 229 139 229 139 233 138 233 s
0 0.10 c 134 236 134 235 134 239 134 240 s
0 0.01 c 139 229 140 229 140 233 139 233 s
0 0.09 c 134 237 134 236 134 240 135 241 s
0 0.03 c 140 229 141 229 141 233 140 233 s
7 0.02 c 151 270 152 269 141 276 t
0 0.08 c 135 238 134 237 135 241 135 241 s
1 0.12 c 175 242 175 242 181 231 t
1 0.24 c 174 226 174 223 181 231 t
0 0.05 c 141 229 142 230 142 234 141 233 s
7 0.47 c 135 271 138 271 141 276 t
0 0.06 c 136 238 135 238 135 241 136 242 s
0 0.06 c 142 230 142 231 143 234 142 234 s
0 0.05 c 137 239 136 238 136 242 137 243 s
8 1 c (x) 187 231 text
0 0.08 c 142 231 143 231 143 235 143 234 s
7 0.18 c 150 270 151 270 141 276 t
0 0.03 c 138 239 137 239 137 243 138 243 s
0 0.09 c 143 231 143 232 144 236 143 235 s
7 0.51 c 138 271 141 271 141 276 t
1 0.04 c 175 242 175 242 181 231 t
1 0.35 c 175 229 174 226 181 231 t
0 0.01 c 139 239 138 239 138 243 139 243 s
0 0.10 c 143 232 144 233 144 237 144 236 s
7 0.32 c 147 270 150 270 141 276 t
0 0.01 c 140 239 139 239 139 243 140 243 s
0 0.10 c 144 233 144 234 144 238 144 237 s
7 0.49 c 141 271 144 271 141 276 t
0 0.03 c 141 239 140 239 140 243 141 243 s
7 0.43 c 144 271 147 270 141 276 t
0 0.11 c 144 234 144 235 144 239 144 238 s
0 0.05 c 142 238 141 239 141 243 142 242 s
0 0.10 c 144 235 143 236 144 240 144 239 s
0 0.07 c 142 238 142 238 142 242 143 241 s
0 0.09 c 143 236 143 237 143 241 144 240 s
0 0.08 c 143 237 142 238 143 241 143 241 s
1 0.19 c 175 242 175 240 181 231 t
1 0.41 c 175 232 175 229 181 231 t
1 0.31 c 175 240 175 238 181 231 t
1 0.43 c 175 235 175 232 181 231 t
1 0.39 c 175 238 175 235 181 231 t
0 0.89 c 130 232 133 229 139 239 t
0 0.90 c 129 235 130 232 139 239 t
0 0.88 c 133 229 136 228 139 239 t
0 0.90 c 128 238 129 235 139 239 t
0 0.86 c 136 228 139 227 139 239 t
0 0.90 c 129 241 128 238 139 239 t
0 0.84 c 139 227 142 228 139 239 t
0 0.90 c 130 244 129 241 139 239 t
0 0.83 c 142 228 145 229 139 239 t
0 0.89 c 133 246 130 244 139 239 t
0 0.81 c 145 229 148 232 139 239 t
0 0.87 c 136 248 133 246 139 239 t
0 0.80 c 148 232 149 235 139 239 t
0 0.86 c 139 248 136 248 139 239 t
0 0.80 c 149 235 150 238 139 239 t
0 0.84 c 142 248 139 248 139 239 t
0 0.80 c 150 238 149 241 139 239 t
0 0.82 c 145 246 142 248 139 239 t
0 0.80 c 149 241 148 244 139 239 t
0 0.81 c 148 244 145 246 139 239 t
8 1 c (z) 139 239 text
showpage
