#       STEP   TIME                     ENERGY                     TEMPERATURE
           1   2.0000000000000000E-002  -2590975.5970985158        224.22372303245558     
           2   4.0000000000000001E-002  -2578457.4197053481        227.12240945033744     
           3   5.9999999999999998E-002  -2559493.0383125055        229.25558716983650     
           4   8.0000000000000002E-002  -2536504.8921627067        229.85458463612824     
           5  0.10000000000000001       -2519813.2346221968        228.87310675819901     
           6  0.12000000000000000       -2516275.5113016292        226.71990639471528     
           7  0.14000000000000001       -2509756.3680580645        224.10113196223205     
           8  0.16000000000000000       -2543198.4942260128        221.71029432816334     
           9  0.18000000000000002       -2519661.3543145903        219.86035887680740     
          10  0.20000000000000001       -2489830.8246920551        218.66468693056370     
          11  0.22000000000000003       -2432183.6773146987        218.35888972503290     
          12  0.23999999999999999       -2449176.1178758400        219.01086416351779     
          13  0.26000000000000001       -2434757.3276532106        220.60399914672396     
          14  0.28000000000000003       -2415862.3379849372        223.02168934516394     
          15  0.30000000000000004       -2414706.1614737334        225.51022546237365     
          16  0.32000000000000001       -2425015.1789459400        227.01623968092244     
          17  0.33999999999999997       -2433398.0342287249        227.01575506372205     
          18  0.36000000000000004       -2449261.5091755325        225.76281860558146     
          19  0.38000000000000000       -2458414.7493090848        224.03551156103401     
          20  0.40000000000000002       -2471383.0023183166        222.68846176899081     
          21  0.41999999999999998       -2472257.1805497832        222.27157083881295     
          22  0.44000000000000006       -2474871.5986216543        222.90012483046345     
          23  0.46000000000000002       -2499954.6343723568        224.01539983518342     
          24  0.47999999999999998       -2524223.4983094558        224.61859987299613     
          25  0.50000000000000000       -2533377.7756402767        224.27197088485642     
          26  0.52000000000000002       -2541437.2428620933        223.12942826052998     
          27  0.53999999999999992       -2530647.2929514414        221.55114816555627     
          28  0.56000000000000005       -2540046.2226143023        219.96911250536203     
          29  0.58000000000000007       -2556931.7987263114        219.02421534627030     
          30  0.60000000000000009       -2557203.4132271516        219.27361678646449     
          31  0.62000000000000000       -2557338.0911547020        219.91460325810348     
          32  0.64000000000000001       -2541784.1209626095        219.78406021308754     
          33  0.66000000000000003       -2513990.3916244507        219.21002785893000     
          34  0.67999999999999994       -2506684.5651959451        219.44221184839449     
          35  0.70000000000000007       -2505999.3525467562        221.00142360475689     
          36  0.72000000000000008       -2487493.0372674898        223.14935494315489     
          37  0.74000000000000010       -2484962.6254647463        225.16131468479253     
          38  0.76000000000000001       -2499297.2707997686        227.38669375013399     
          39  0.78000000000000003       -2517003.1532518775        229.83996109639884     
          40  0.80000000000000004       -2559498.4289581818        231.19419067668693     
          41  0.81999999999999995       -2586387.9649377642        230.48542646751278     
          42  0.83999999999999997       -2597195.3210354177        228.57725322842501     
          43  0.86000000000000010       -2591227.2312003239        227.41303012497343     
          44  0.88000000000000012       -2587107.7677110182        228.02911334087958     
          45  0.90000000000000002       -2605002.4010191034        229.49129434553086     
          46  0.92000000000000004       -2628227.7577820946        230.15352147337344     
          47  0.94000000000000006       -2656004.1995002250        229.52482150134378     
          48  0.95999999999999996       -2660075.0649671927        228.70739463071024     
          49  0.97999999999999998       -2657088.3594456804        228.77195498693541     
          50   1.0000000000000000       -2655069.7958765905        229.10344369107310     
          51   1.0200000000000000       -2659318.5729276738        228.60561431227160     
          52   1.0400000000000000       -2659717.2845018492        227.10025335614662     
          53   1.0600000000000001       -2662152.9862927468        225.07835194811074     
          54   1.0799999999999998       -2643877.6445086142        223.05732479135671     
          55   1.1000000000000001       -2643015.6666264972        221.30649637591867     
          56   1.1200000000000001       -2640456.5382843949        220.38492133111936     
          57   1.1400000000000001       -2626220.0928875757        221.13242393824930     
          58   1.1600000000000001       -2633412.0171363810        223.16431462853029     
          59   1.1800000000000002       -2623384.4426053013        224.64104718428314     
          60   1.2000000000000002       -2599682.3659967422        224.36406731428173     
          61   1.2200000000000000       -2563985.6769376411        222.90577490073755     
          62   1.2400000000000000       -2537050.1246657521        221.42308259938366     
          63   1.2600000000000000       -2525385.7867204845        220.64893816141117     
          64   1.2800000000000000       -2518065.6130055399        220.64540702908590     
          65   1.3000000000000000       -2523506.0663720090        220.71382464870274     
          66   1.3200000000000001       -2541975.6313826288        220.38593112087972     
          67   1.3400000000000001       -2560670.6218225989        220.06648977523193     
          68   1.3599999999999999       -2544270.4461026643        220.52251127780127     
          69   1.3799999999999999       -2570483.4028811404        222.23366993465200     
          70   1.4000000000000001       -2573400.4470001878        225.04594104605829     
          71   1.4200000000000002       -2571089.1862641005        227.72384065723011     
          72   1.4400000000000002       -2548913.5475030001        228.69037678928137     
          73   1.4600000000000002       -2537087.5850893799        227.66859881159073     
          74   1.4800000000000002       -2519394.0467105978        225.46657388508606     
          75   1.5000000000000000       -2504520.4488282851        223.11767662428349     
          76   1.5200000000000000       -2459456.3366336767        221.53741526988912     
          77   1.5400000000000000       -2459951.4806703208        221.33075667743822     
          78   1.5600000000000001       -2467334.1205006535        222.56213502826463     
          79   1.5800000000000001       -2488909.2575817183        224.79822969102929     
          80   1.6000000000000001       -2506270.7037264863        227.37513580480078     
          81   1.6200000000000001       -2508890.1484222817        229.52322265067599     
          82   1.6399999999999999       -2485333.0892956853        230.57806099003443     
          83   1.6599999999999999       -2471800.7597139608        230.45331993262175     
          84   1.6799999999999999       -2458544.2013871414        229.68299831465032     
          85   1.7000000000000002       -2452099.9668809925        228.85434986889982     
          86   1.7200000000000002       -2460610.1572758881        228.07091826396353     
          87   1.7400000000000002       -2484980.2530193524        226.95767155866594     
          88   1.7600000000000002       -2485351.0363187212        225.25725267301812     
          89   1.7800000000000000       -2499703.6201437050        223.16634632341379     
          90   1.8000000000000000       -2508567.3073381558        221.02303149796975     
          91   1.8200000000000001       -2491711.7274584169        219.16635135228620     
          92   1.8400000000000001       -2467363.4527634317        218.02374424582996     
          93   1.8600000000000001       -2493260.3418304045        217.97879859345926     
          94   1.8800000000000001       -2498144.4042190067        218.97099691696280     
          95   1.9000000000000001       -2491357.7364397543        220.41752164607533     
          96   1.9199999999999999       -2471997.8801950482        221.44831491464461     
          97   1.9399999999999999       -2440900.9654723834        221.48973867606344     
          98   1.9600000000000000       -2409935.9052423779        221.04387844129499     
          99   1.9800000000000000       -2394582.4330589045        221.03815646203896     
         100   2.0000000000000000       -2400815.1181596499        221.55890554172927     
         101   2.0200000000000000       -2411591.6778758145        222.03071021567413     
         102   2.0400000000000000       -2413981.7064169315        222.16030552142422     
         103   2.0600000000000001       -2431459.5368495435        222.40508175461738     
         104   2.0800000000000001       -2424392.6319569205        223.00263550542468     
         105   2.1000000000000001       -2449308.8360831998        223.97547803368357     
         106   2.1200000000000001       -2479651.1443151468        225.14182701752955     
         107   2.1400000000000001       -2485575.2980574900        225.72325943533576     
         108   2.1599999999999997       -2489321.0631335280        225.42392450994302     
         109   2.1800000000000002       -2483284.7955390504        225.25831452588608     
         110   2.2000000000000002       -2447416.4999455083        225.75910742570593     
         111   2.2200000000000002       -2422604.4155271114        225.60297231765966     
         112   2.2400000000000002       -2406756.6661254135        224.18386481113905     
         113   2.2600000000000002       -2398948.3607399729        222.15640298604688     
         114   2.2800000000000002       -2399666.3784032478        220.56104188825228     
         115   2.2999999999999998       -2378670.7330047819        220.51309354430364     
         116   2.3200000000000003       -2396110.9883461827        222.54470877961163     
         117   2.3399999999999999       -2417051.3912179056        225.66667094293774     
         118   2.3600000000000003       -2409031.0836137286        228.07334386566922     
         119   2.3799999999999999       -2404132.2191183162        229.02551155003690     
         120   2.4000000000000004       -2417358.0478737457        228.75632515859465     
         121   2.4199999999999999       -2430948.5575420414        227.72643293102809     
         122   2.4399999999999999       -2475538.9789159815        226.54796336766492     
         123   2.4600000000000004       -2493667.8862047750        225.53477260378770     
         124   2.4800000000000000       -2506906.6156930248        224.77977029959163     
         125   2.5000000000000004       -2527184.7167051844        224.95968871605035     
         126   2.5200000000000000       -2536948.8538888036        226.52793935633983     
         127   2.5400000000000005       -2543778.5908657638        228.53043475786248     
         128   2.5600000000000001       -2537043.8738395660        229.58775081965317     
         129   2.5800000000000001       -2543977.0135312625        228.83728182723081     
         130   2.6000000000000001       -2542881.1537768603        226.03833651704903     
         131   2.6200000000000001       -2512417.9190179710        221.83652591511881     
         132   2.6400000000000001       -2484817.9154635179        217.64278019758507     
         133   2.6600000000000001       -2468514.8110230928        214.89955178085211     
         134   2.6800000000000002       -2450028.3497786908        214.63251774137046     
         135   2.7000000000000002       -2449461.8673027018        216.58832811338087     
         136   2.7199999999999998       -2453542.9265561095        218.86850013369929     
         137   2.7400000000000002       -2431456.5501683769        220.38598062607559     
         138   2.7599999999999998       -2424002.0665295147        221.97233014590310     
         139   2.7800000000000002       -2428536.3793305322        224.39213308941834     
         140   2.8000000000000003       -2447205.0772601208        227.31586501515247     
         141   2.8200000000000003       -2471160.3587877727        229.69665591108534     
         142   2.8400000000000003       -2504299.4919658359        230.97271968400659     
         143   2.8599999999999999       -2535749.7593213283        231.50981723817554     
         144   2.8800000000000003       -2558255.3771810615        231.36361259046259     
         145   2.8999999999999999       -2546162.2780952868        230.05476871087029     
         146   2.9200000000000004       -2520560.5406628186        227.71066440086383     
         147   2.9399999999999999       -2507656.3027610499        225.37555143808245     
         148   2.9600000000000004       -2528503.4734895155        223.87979874479475     
         149   2.9800000000000000       -2570826.2390800342        222.88778506200771     
         150   3.0000000000000000       -2592672.8262014813        221.72263750023941     
         151   3.0200000000000000       -2597560.8313686396        220.21944141101184     
         152   3.0400000000000000       -2562809.0290063559        218.63327935369696     
         153   3.0600000000000005       -2480620.1400048900        217.47310790499819     
         154   3.0800000000000001       -2396856.0650603259        217.49446067335759     
         155   3.1000000000000005       -2391772.9778783736        218.95180537699537     
         156   3.1200000000000001       -2412028.7846278707        220.71051788696346     
         157   3.1400000000000001       -2439332.1299460884        221.70121772187946     
         158   3.1600000000000001       -2453675.3556866078        222.55350499834370     
         159   3.1800000000000002       -2473166.6246616789        224.16167054686639     
         160   3.2000000000000002       -2482783.4174954616        225.55244912882708     
         161   3.2200000000000002       -2491209.4699642691        225.14374983593601     
         162   3.2400000000000002       -2500421.4150933307        223.35329487406491     
         163   3.2600000000000002       -2496004.8978893082        222.06124929769271     
         164   3.2799999999999998       -2485269.6075350065        222.37053581691777     
         165   3.3000000000000003       -2476113.6642554691        223.85932282588846     
         166   3.3199999999999998       -2472875.2498729206        225.25662275443642     
         167   3.3400000000000003       -2470527.6415519002        225.49170452095296     
         168   3.3599999999999999       -2463702.7192151933        224.33677753617332     
         169   3.3800000000000003       -2441533.5258242986        222.41835440050892     
         170   3.4000000000000004       -2425663.1391961947        220.57395964787554     
         171   3.4199999999999999       -2439633.6291870219        219.49912737221391     
         172   3.4400000000000004       -2463376.6479316964        219.66929211152691     
         173   3.4600000000000000       -2475569.5798284314        220.79051819523903     
         174   3.4800000000000004       -2461703.0716655678        222.48287249476019     
         175   3.5000000000000000       -2446468.5974456486        224.25108119119577     
         176   3.5200000000000005       -2414927.5270964080        225.32695914280231     
         177   3.5400000000000000       -2387232.2291046837        225.27937838468935     
         178   3.5600000000000001       -2357663.4841084806        224.32558802982354     
         179   3.5800000000000001       -2355277.6866181269        223.40839827945740     
         180   3.6000000000000001       -2357096.1936546126        223.69313821171085     
         181   3.6200000000000001       -2398471.4545287751        225.14323175946285     
         182   3.6400000000000001       -2447416.6569010201        226.23433535567159     
         183   3.6600000000000001       -2497810.2733898750        226.09123580630873     
         184   3.6800000000000002       -2546253.4558459190        225.17242282811691     
         185   3.6999999999999997       -2560365.0981657952        224.17370620086524     
         186   3.7200000000000002       -2560855.1920596845        223.46594604195690     
         187   3.7400000000000002       -2541933.1473261258        223.15231053682342     
         188   3.7600000000000002       -2508354.6775038764        223.21266842739450     
         189   3.7800000000000002       -2487492.6666929517        223.55692730279978     
         190   3.8000000000000003       -2460424.7811261811        224.24473527835610     
         191   3.8200000000000003       -2434251.3713792409        224.89172224941379     
         192   3.8399999999999999       -2434095.2117537213        224.95772401259268     
         193   3.8600000000000003       -2432326.5037004650        224.93119803095394     
         194   3.8799999999999999       -2411988.9481538855        224.77306149847115     
         195   3.9000000000000004       -2388430.6611587377        223.73697600812952     
         196   3.9199999999999999       -2382584.1054964373        222.40541348563985     
         197   3.9400000000000004       -2375282.1852719579        221.95724526434927     
         198   3.9600000000000000       -2388138.1714378069        222.72035293928855     
         199   3.9800000000000004       -2416102.2045101784        223.97948488937803     
         200   4.0000000000000000       -2427131.3041832875        224.80210607641868     
         201   4.0200000000000005       -2431006.6408547247        224.97485276757467     
         202   4.0400000000000000       -2465049.7919663931        225.20387347753538     
         203   4.0600000000000005       -2492352.7660240992        226.30351028872190     
         204   4.0800000000000001       -2513320.1209619720        227.94333141640612     
         205   4.1000000000000005       -2522802.5132777826        229.04978802270634     
         206   4.1200000000000001       -2501625.1561733931        228.93455846768174     
         207   4.1400000000000006       -2471437.8340083663        227.57834380732820     
         208   4.1600000000000001       -2449089.6249444508        225.72931937640521     
         209   4.1800000000000006       -2481995.8797683530        224.47297223520289     
         210   4.2000000000000002       -2493478.9488582574        224.34477668250483     
         211   4.2200000000000006       -2523889.5362541275        225.04410248756534     
         212   4.2400000000000002       -2547273.7421164461        225.82011649628029     
         213   4.2600000000000007       -2538589.2364717792        226.11674505530766     
         214   4.2800000000000002       -2552997.1339013181        225.98361329232270     
         215   4.2999999999999998       -2563108.8849803051        225.51314030524466     
         216   4.3199999999999994       -2550693.5121932989        224.35858932904486     
         217   4.3399999999999999       -2531276.0634653564        222.44394609538233     
         218   4.3600000000000003       -2487935.0916690668        220.29162944781547     
         219   4.3800000000000008       -2437265.0364018464        218.26386946613985     
         220   4.4000000000000004       -2359997.6526012020        216.81522253411671     
         221   4.4199999999999999       -2329920.2360030394        217.32274585444455     
         222   4.4400000000000004       -2389410.6379889394        220.24997258371346     
         223   4.4600000000000000       -2459061.5697009638        224.30040615308712     
         224   4.4800000000000004       -2494861.2508398322        227.96378670198374     
         225   4.5000000000000000       -2515339.2962520486        230.02527820217318     
         226   4.5200000000000005       -2511218.7272521378        229.86562666863517     
         227   4.5400000000000000       -2498502.3861794835        228.10356582674100     
         228   4.5600000000000005       -2493093.9471567352        225.97026809738199     
         229   4.5800000000000010       -2496759.4271808420        223.66523412532092     
         230   4.5999999999999996       -2488454.3552112337        221.73223866322510     
         231   4.6200000000000001       -2490019.1773158493        220.80743992853087     
         232   4.6400000000000006       -2491916.1947770552        220.75211240303133     
         233   4.6600000000000010       -2504887.8039027005        221.48647732143414     
         234   4.6799999999999997       -2515244.9015070442        222.85607790855431     
         235   4.7000000000000002       -2544734.0895403740        224.71875799734909     
         236   4.7200000000000006       -2550142.3094281228        226.41854716857645     
         237   4.7400000000000002       -2541821.7346170363        226.27592196865905     
         238   4.7599999999999998       -2517878.1783906221        224.44344663917485     
         239   4.7800000000000002       -2484123.1618206985        222.58436919356717     
         240   4.8000000000000007       -2451114.6071824082        221.91644385036290     
         241   4.8200000000000003       -2444213.6754300278        222.71940465006796     
         242   4.8399999999999999       -2427152.1788251395        224.56370531814883     
         243   4.8600000000000003       -2419093.6521745841        226.68171054480638     
         244   4.8799999999999999       -2441134.8729678998        228.21988594952225     
         245   4.9000000000000004       -2450989.8169718417        228.59071499905548     
         246   4.9200000000000008       -2461711.0829792204        228.14379464755615     
         247   4.9400000000000004       -2473629.1046134350        228.01801145349813     
         248   4.9600000000000000       -2497300.6610948676        228.50563047872004     
         249   4.9800000000000004       -2518709.5471159676        228.68641546682690     
         250   5.0000000000000009       -2548731.7332553077        228.07794875147565     
         251   5.0199999999999996       -2564683.6474095304        227.31094579474063     
         252   5.0400000000000000       -2591884.8970322683        226.72054683089451     
         253   5.0600000000000005       -2615335.3707076786        225.64607091363149     
         254   5.0800000000000010       -2603471.4383806209        223.61472451557157     
         255   5.0999999999999996       -2579545.8721126020        221.01649635159262     
         256   5.1200000000000001       -2557530.0157413515        219.00429840448700     
         257   5.1400000000000006       -2535007.9342914270        218.54994933868804     
         258   5.1600000000000001       -2532807.3040227951        219.71984431563715     
         259   5.1799999999999997       -2555482.7958681104        222.09096398599146     
         260   5.2000000000000002       -2560758.7257700069        225.07637951195045     
         261   5.2200000000000006       -2564845.3739410811        227.57309589714981     
         262   5.2400000000000002       -2557856.5905859708        228.41429369417438     
         263   5.2600000000000007       -2539600.4427635334        227.79753971251884     
         264   5.2800000000000002       -2502572.1919728969        226.95048731790973     
         265   5.2999999999999998       -2470629.8221206502        226.37848579174943     
         266   5.3200000000000003       -2473400.0227979878        225.86959812771983     
         267   5.3400000000000007       -2452632.5441544959        225.20781137998594     
         268   5.3600000000000003       -2444209.6202353011        224.05663980281284     
         269   5.3799999999999999       -2412496.2525126608        222.27562337485136     
         270   5.4000000000000004       -2401067.7574092848        220.34897503807588     
         271   5.4200000000000008       -2397083.4737391775        219.20477678174643     
         272   5.4399999999999995       -2408359.2569589829        219.47726390356900     
         273   5.4600000000000000       -2422459.0156454071        220.95632483609663     
         274   5.4800000000000004       -2438636.2051564008        223.01738274660889     
         275   5.5000000000000009       -2450774.7768471190        225.03634147852145     
         276   5.5199999999999996       -2487083.8837654958        226.49221092776858     
         277   5.5400000000000000       -2511264.8945027753        227.17480316277997     
         278   5.5600000000000005       -2530172.0170372808        227.21639954480537     
         279   5.5800000000000001       -2541240.8390546306        226.85897976577428     
         280   5.6000000000000005       -2559933.3531655953        226.34487214380670     
         281   5.6200000000000001       -2554759.3544683782        226.01952733279944     
         282   5.6400000000000006       -2569363.6270731078        225.70448326012902     
         283   5.6600000000000001       -2561368.1023966684        224.60694690127610     
         284   5.6800000000000006       -2552728.0265692309        222.80979279594800     
         285   5.7000000000000002       -2555846.0495389164        221.55328969090766     
         286   5.7199999999999998       -2552738.7630587476        221.58460533514423     
         287   5.7400000000000002       -2550594.1937421947        222.38495775443874     
         288   5.7600000000000007       -2542913.2381821689        222.89003197215641     
         289   5.7800000000000002       -2534335.6204716200        222.57883315723450     
         290   5.7999999999999998       -2494148.9331579278        221.88609502608506     
         291   5.8200000000000003       -2485363.5816544807        221.43361613158243     
         292   5.8400000000000007       -2466811.0758061907        221.66529996891890     
         293   5.8599999999999994       -2451282.1222197688        222.76252485979788     
         294   5.8799999999999999       -2436509.4072136302        224.54384485863878     
         295   5.9000000000000004       -2426488.5167359891        226.24084549591595     
         296   5.9200000000000008       -2425789.6792026404        226.90865089785666     
         297   5.9400000000000004       -2443758.0855222433        226.30912593398736     
         298   5.9600000000000000       -2449454.5465366789        225.34997817552443     
         299   5.9800000000000004       -2471572.5176749034        224.72131511593111     
         300   6.0000000000000000       -2482346.8507067403        223.62215666845040     
         301   6.0200000000000005       -2465431.2275054897        222.17203138302966     
         302   6.0400000000000000       -2445236.9186205505        221.98493518592736     
         303   6.0600000000000005       -2425316.0154313496        224.01803088056604     
         304   6.0800000000000001       -2441236.9288679627        227.52264001606670     
         305   6.1000000000000005       -2489074.2386534228        230.73722609147961     
         306   6.1200000000000010       -2530446.0846225559        232.20565583428623     
         307   6.1399999999999997       -2558038.7572484701        231.40819278284437     
         308   6.1600000000000001       -2555208.8657433828        228.77791907007861     
         309   6.1800000000000006       -2523551.1417932571        225.40723153051039     
         310   6.2000000000000011       -2525713.6595767629        222.24187713518802     
         311   6.2199999999999998       -2528175.9383318671        219.91105347179126     
         312   6.2400000000000002       -2542575.9466328258        219.27527055753669     
         313   6.2600000000000007       -2530008.7399041085        221.01080130261053     
         314   6.2800000000000002       -2522088.0915770112        223.72120599674011     
         315   6.2999999999999998       -2511945.3496429292        225.29527527351104     
         316   6.3200000000000003       -2490417.0118021048        225.64056878065796     
         317   6.3400000000000007       -2477124.6340793427        225.72724779370884     
         318   6.3600000000000003       -2480851.3827889366        226.04871164539199     
         319   6.3799999999999999       -2507246.0545754423        226.44436792536831     
         320   6.4000000000000004       -2509125.8825200032        226.74113195922359     
         321   6.4199999999999999       -2513356.5336095891        227.06229159602216     
         322   6.4400000000000004       -2526003.8262800039        227.33617652747998     
         323   6.4600000000000009       -2522165.3019497814        227.04721745689460     
         324   6.4800000000000004       -2511429.5043419302        226.55645492554672     
         325   6.5000000000000000       -2533037.6803432894        226.50249812983392     
         326   6.5200000000000005       -2555702.6374692107        225.74372579642193     
         327   6.5400000000000009       -2549097.2046272904        223.16092276799159     
         328   6.5599999999999996       -2519338.2650785707        219.84046066813394     
         329   6.5800000000000001       -2458255.8785215402        218.32775312738815     
         330   6.6000000000000005       -2437559.0089876126        218.84340880630901     
         331   6.6200000000000010       -2510546.3858098867        221.22655483440550     
         332   6.6399999999999997       -2567069.4301674720        224.49415745257849     
         333   6.6600000000000001       -2618638.3515031068        227.13998976617319     
         334   6.6800000000000006       -2635004.6604147879        228.63649857527625     
         335   6.7000000000000002       -2630704.9629032332        229.35453447836994     
         336   6.7199999999999998       -2636575.4677790045        229.47061104494335     
         337   6.7400000000000002       -2610418.3776778406        228.66802605217731     
         338   6.7600000000000007       -2575463.2824278851        226.73741946923386     
         339   6.7800000000000002       -2538933.9887810526        224.16352240832660     
         340   6.8000000000000007       -2477908.9771272661        221.99604235609922     
         341   6.8200000000000003       -2446418.3985309266        220.82958535848360     
         342   6.8399999999999999       -2425855.7223831979        220.39526137005015     
         343   6.8600000000000003       -2433837.7018344891        220.27085582061477     
         344   6.8800000000000008       -2445943.9339471948        220.25073385390900     
         345   6.9000000000000004       -2470276.0857636314        220.37952508928791     
         346   6.9199999999999999       -2492566.1535815690        221.03636878414966     
         347   6.9400000000000004       -2514187.4033939573        222.58174156838533     
         348   6.9600000000000009       -2519058.3490003841        224.79262608075422     
         349   6.9799999999999995       -2522584.9413654823        226.92134723083004     
         350   7.0000000000000000       -2542292.8673903812        228.37132638694376     
         351   7.0200000000000005       -2566371.7642697571        228.84116580386129     
         352   7.0400000000000009       -2570971.3609240288        228.19382960902925     
         353   7.0599999999999996       -2571429.4081616392        226.59467023615602     
         354   7.0800000000000001       -2580820.7013160093        224.56227286569236     
         355   7.1000000000000005       -2574630.1810760503        222.85134026855070     
         356   7.1200000000000001       -2570995.7514342712        222.16096964930165     
         357   7.1400000000000006       -2563880.0261043757        222.47810741178861     
         358   7.1600000000000001       -2569344.1757846591        223.04359751403669     
         359   7.1800000000000006       -2551428.5537278391        223.27897577787795     
         360   7.2000000000000002       -2529246.0414683106        223.39854262836417     
         361   7.2200000000000006       -2539302.7498244857        223.81840129785840     
         362   7.2400000000000002       -2553507.0527083580        224.37973076307551     
         363   7.2599999999999998       -2561908.9821474142        224.54715456965104     
         364   7.2800000000000002       -2563702.5358138205        224.12299366367066     
         365   7.3000000000000007       -2552922.6221783403        223.53497176910636     
         366   7.3200000000000003       -2534535.0714579048        223.00770836364032     
         367   7.3399999999999999       -2522599.9390565753        221.97992190685750     
         368   7.3600000000000003       -2503530.3842263916        220.02904851772263     
         369   7.3800000000000008       -2469392.2349560051        217.72144302116902     
         370   7.3999999999999995       -2450863.6354287742        216.32719145639251     
         371   7.4199999999999999       -2448335.4177831570        216.83173482757965     
         372   7.4400000000000004       -2450876.3188700108        219.13950028999488     
         373   7.4600000000000009       -2460282.5106880954        222.20774958123263     
         374   7.4800000000000004       -2450841.9318991289        224.83003297139135     
         375   7.5000000000000000       -2427276.7706591999        226.27875335080225     
         376   7.5200000000000005       -2453645.8666317640        226.45610855398471     
         377   7.5400000000000000       -2484524.6162265432        225.60955038228229     
         378   7.5600000000000005       -2516478.5512593356        224.17364649952899     
         379   7.5800000000000001       -2527004.2615507133        222.94377336548902     
         380   7.6000000000000005       -2520482.5506014777        222.82351342307189     
         381   7.6200000000000001       -2519247.3842949877        224.07542874630863     
         382   7.6400000000000006       -2528270.0604272955        225.81500130897865     
         383   7.6600000000000010       -2516484.2663661912        226.53128293709045     
         384   7.6799999999999997       -2511485.4877373511        225.32506290404876     
         385   7.7000000000000002       -2492416.2336176406        222.72531219833007     
         386   7.7200000000000006       -2437374.4883930618        220.48416278056149     
         387   7.7400000000000011       -2417026.8202412394        219.99706252110076     
         388   7.7599999999999998       -2418832.8472623355        220.98636804051623     
         389   7.7800000000000002       -2442372.2714556893        222.60273042283407     
         390   7.8000000000000007       -2467372.2558567659        224.35278931453888     
         391   7.8200000000000012       -2571021.0737800039        225.62205686652780     
         392   7.8399999999999999       -2612685.6134382999        226.06569835596360     
         393   7.8600000000000003       -2632236.3407334825        226.07965276540008     
         394   7.8800000000000008       -2644088.0615652199        226.50561623418935     
         395   7.9000000000000004       -2647868.6874583173        227.02996502116861     
         396   7.9199999999999999       -2666058.1122381459        226.25626112523960     
         397   7.9400000000000004       -2671868.8361446098        224.27376757845522     
         398   7.9600000000000009       -2653332.6367672863        222.96132217276102     
         399   7.9800000000000004       -2651749.6075342791        223.32577617996506     
         400   8.0000000000000000       -2654042.2608772716        224.63162133449822     
         401   8.0200000000000014       -2643766.7848996506        226.22824151712703     
         402   8.0400000000000009       -2657290.3306804267        227.83305718833515     
         403   8.0600000000000005       -2657958.7075843383        228.79228538474607     
         404   8.0800000000000001       -2662651.0659643412        228.36412570398645     
         405   8.1000000000000014       -2649782.2188401413        226.63717672411357     
         406   8.1200000000000010       -2612825.7596161282        224.36960764450467     
         407   8.1400000000000006       -2585227.0251885159        222.00162437150897     
         408   8.1600000000000001       -2568192.3590071099        219.67113429327318     
         409   8.1799999999999997       -2544903.6725715776        217.80455235700339     
         410   8.2000000000000011       -2531983.5192411612        216.98514525889914     
         411   8.2200000000000006       -2523962.7357063182        217.45975588600865     
         412   8.2400000000000002       -2531342.9499518727        218.94310961111464     
         413   8.2599999999999998       -2537715.5560451816        220.99014683338316     
         414   8.2800000000000011       -2518335.9847450680        223.35584363130400     
         415   8.3000000000000007       -2509421.4536487940        225.51540080652393     
         416   8.3200000000000003       -2508486.3721184423        226.70003525205749     
         417   8.3399999999999999       -2560563.9235119373        227.20821050442234     
         418   8.3600000000000012       -2609443.8878061175        227.96358958697238     
         419   8.3800000000000008       -2651197.4951445335        228.83631228838021     
         420   8.4000000000000004       -2664768.2266585380        229.48945423059283     
         421   8.4199999999999999       -2681876.3738744617        229.91764863926457     
         422   8.4400000000000013       -2681815.8777300636        230.14376968922679     
         423   8.4600000000000009       -2693731.0123515236        230.21116144874014     
         424   8.4800000000000004       -2689617.1955763372        229.61724676474637     
         425   8.5000000000000000       -2673083.9854714521        227.54442095114598     
         426   8.5200000000000014       -2663066.7875097757        224.05396674662234     
         427   8.5400000000000009       -2648877.8833551602        220.50663851951572     
         428   8.5600000000000005       -2646491.0104360729        218.43943599697278     
         429   8.5800000000000001       -2654009.2130894763        217.96004400346206     
         430   8.5999999999999996       -2676228.0179638178        218.68510257272956     
         431   8.6200000000000010       -2679024.8554867287        220.95762056190460     
         432   8.6399999999999988       -2681755.9313806714        224.04375442161182     
         433   8.6600000000000001       -2676842.0938687101        226.10566684860649     
         434   8.6799999999999997       -2664408.0927978749        226.36529811392714     
         435   8.6999999999999993       -2652264.1052049422        225.44296028536189     
         436   8.7200000000000006       -2645523.7102160398        224.74226631626252     
         437   8.7400000000000002       -2653690.4630652666        225.13882001494432     
         438   8.7600000000000016       -2668798.1985741458        226.23225310718649     
         439   8.7800000000000011       -2688809.5091318544        227.23285420825650     
         440   8.8000000000000007       -2689198.3261709367        227.77889572784974     
         441   8.8200000000000003       -2689624.3527088366        227.61710869127103     
         442   8.8399999999999999       -2680656.5726686469        226.58264270027311     
         443   8.8599999999999994       -2638175.7864196543        225.08813952097992     
         444   8.8800000000000008       -2605427.1515545449        223.73766924520959     
         445   8.9000000000000004       -2588768.9208524893        222.93932291497825     
         446   8.9199999999999999       -2547119.4955698727        222.75751953931800     
         447   8.9400000000000013       -2556010.4606258534        222.81673044053076     
         448   8.9600000000000009       -2560953.2205438782        222.82039934017331     
         449   8.9799999999999986       -2573223.6273634522        222.93370816094352     
         450   9.0000000000000000       -2579301.7684166003        223.43552229243846     
         451   9.0199999999999996       -2579433.5116238627        224.35720015175946     
         452   9.0400000000000009       -2565551.2484175027        225.32021242205747     
         453   9.0600000000000005       -2552921.5205759443        225.84733219891848     
         454   9.0800000000000001       -2544032.1012359355        225.99237715803628     
         455   9.1000000000000014       -2555647.7842641240        226.15184564864873     
         456   9.1200000000000010       -2575480.8580067824        226.40732419084733     
         457   9.1400000000000006       -2601290.1184166744        226.23361635295728     
         458   9.1600000000000019       -2614665.7885455205        225.27814957652629     
         459   9.1799999999999997       -2617716.6918555642        224.20218909669856     
         460   9.1999999999999993       -2614002.3036655672        223.79461230709572     
         461   9.2200000000000006       -2596056.0084091625        224.12439972111557     
         462   9.2400000000000002       -2595040.0421383344        224.72771571716382     
         463   9.2599999999999998       -2573445.7151690992        224.79863547089224     
         464   9.2800000000000011       -2559290.0789975193        223.94318640238936     
         465   9.3000000000000007       -2555996.2273175754        222.26790514352126     
         466   9.3200000000000021       -2568814.3491220283        220.64243615675446     
         467   9.3399999999999999       -2547170.5628062831        220.79216802785891     
         468   9.3599999999999994       -2553293.6693378720        222.93595519025371     
         469   9.3800000000000008       -2560706.9727742071        224.93757700550088     
         470   9.4000000000000004       -2551010.0393378418        225.59277069289584     
         471   9.4199999999999999       -2560308.1672750334        225.48871117479337     
         472   9.4400000000000013       -2558565.0076513202        225.25727128768497     
         473   9.4600000000000009       -2555300.0063609597        224.77606526466127     
         474   9.4800000000000004       -2545839.3347193310        223.64030604273256     
         475   9.5000000000000018       -2557721.1089763814        221.91818109769838     
         476   9.5199999999999996       -2547511.4937990485        220.00979854258514     
         477   9.5399999999999991       -2509435.3918313547        218.09195304390553     
         478   9.5600000000000005       -2483298.1963399360        216.56020973260928     
         479   9.5800000000000001       -2466040.5540390229        216.41408989890638     
         480   9.6000000000000014       -2449882.3467510627        218.57549363068171     
         481   9.6200000000000010       -2473850.4453250258        222.80156107187344     
         482   9.6400000000000006       -2499120.0175449117        227.65783951515130     
         483   9.6600000000000019       -2544141.2866599848        231.27970341323717     
         484   9.6799999999999997       -2566901.7174749272        232.25851753085973     
         485   9.6999999999999993       -2597809.1300936490        230.52785485022090     
         486   9.7200000000000006       -2591595.0775585035        227.29691710423151     
         487   9.7400000000000002       -2600177.2732782713        223.90960251106787     
         488   9.7599999999999998       -2594756.3842710727        221.03545751567424     
         489   9.7800000000000011       -2595760.0083640837        218.67606180275257     
         490   9.8000000000000007       -2573861.0308440244        216.49274414937784     
         491   9.8200000000000003       -2583904.0089289052        214.60612214530406     
         492   9.8400000000000016       -2534795.6752249780        213.97427353141876     
         493   9.8599999999999994       -2505555.7944614179        215.49211527429065     
         494   9.8800000000000008       -2471282.3914830941        218.63509778738558     
         495   9.9000000000000004       -2439857.0274156076        222.07083251801950     
         496   9.9199999999999999       -2420513.5877914694        225.19123097412572     
         497   9.9400000000000013       -2443962.0792132909        227.77531083001051     
         498   9.9600000000000009       -2478306.7928397316        229.51432430019446     
         499   9.9800000000000004       -2521926.4843686889        230.18819596912539     
         500   10.000000000000002       -2594682.6497050826        229.81147502179482     
         501   10.020000000000000       -2621724.9386700927        228.55196137117645     
         502   10.039999999999999       -2641681.6846180111        226.58257860713181     
         503   10.060000000000000       -2636804.3228487223        224.33688330060696     
         504   10.080000000000000       -2620616.8325725021        222.87712459162984     
         505   10.100000000000000       -2603644.0843758895        223.39674574229861     
         506   10.120000000000001       -2601876.1447678860        225.75426744071373     
         507   10.140000000000001       -2592711.8330769325        227.91907357067592     
         508   10.160000000000002       -2577599.7086599325        227.97949331795721     
         509   10.180000000000001       -2584005.4618491884        225.74911551782637     
         510   10.199999999999999       -2579379.0691803591        222.52952308378525     
         511   10.220000000000001       -2575310.3100817343        220.72558059310867     
         512   10.240000000000000       -2580243.5643002684        221.35019132637066     
         513   10.260000000000000       -2595381.7968957373        222.75529397488512     
         514   10.280000000000001       -2573373.2741978667        223.50034867180011     
         515   10.300000000000001       -2568354.8712764401        223.20369687498922     
         516   10.320000000000000       -2546897.7826404963        222.29327739536481     
         517   10.340000000000002       -2507863.9510926725        221.60805248136023     
         518   10.359999999999999       -2507483.5538355308        221.54996153646283     
         519   10.380000000000001       -2513029.9539289698        221.88998580992202     
         520   10.400000000000000       -2504768.8245749227        222.14463071854507     
         521   10.420000000000000       -2520329.2226438164        222.05706890494588     
         522   10.440000000000001       -2520980.1403741809        222.07750738580685     
         523   10.460000000000001       -2536117.4076217934        223.19326247077942     
         524   10.480000000000000       -2536336.0508980961        225.33185641358233     
         525   10.500000000000002       -2563050.3878439227        226.70198236785200     
         526   10.520000000000001       -2567669.3566387207        226.12762283934558     
         527   10.539999999999999       -2571139.7717788736        224.58968798709540     
         528   10.560000000000000       -2573129.5565128555        223.71401232170879     
         529   10.580000000000000       -2567967.2122438420        223.91211471489819     
         530   10.600000000000000       -2572788.4104319168        224.85842672671711     
         531   10.620000000000001       -2572009.7537930752        225.89774154795731     
         532   10.640000000000001       -2556037.1411724077        225.94126893259954     
         533   10.660000000000002       -2521008.9733319487        224.81026037075378     
         534   10.680000000000001       -2499037.9683302729        223.68496720210115     
         535   10.699999999999999       -2503215.9992876798        223.77980108273363     
         536   10.720000000000001       -2525825.3451057742        225.22488291585077     
         537   10.740000000000000       -2559795.3646243545        227.29084814095285     
         538   10.760000000000000       -2598244.5594282565        228.77605134019544     
         539   10.780000000000001       -2616289.4564652080        228.49473336173477     
         540   10.800000000000001       -2638282.8648367035        226.48872130315809     
         541   10.820000000000000       -2637334.2269362705        224.30293838475552     
         542   10.840000000000002       -2643864.0360414996        223.38750212709775     
         543   10.860000000000001       -2632972.7216293057        223.91790621611349     
         544   10.879999999999999       -2617788.2288614516        224.92561505451371     
         545   10.900000000000000       -2612962.0683953478        225.45357250298929     
         546   10.920000000000000       -2592743.1856015609        225.28384916952621     
         547   10.940000000000001       -2583628.4180138404        224.36066252033336     
         548   10.960000000000001       -2577955.7391312383        222.89752705926847     
         549   10.980000000000000       -2572533.9436680721        221.97992834463454     
         550   11.000000000000002       -2540046.8813580023        222.28850967573075     
         551   11.020000000000001       -2502919.9848614451        222.87300096576467     
         552   11.039999999999999       -2487342.0616628770        223.29247821763738     
         553   11.060000000000000       -2517208.1905377111        223.66613664393509     
         554   11.080000000000000       -2525391.8718101038        223.80823392190922     
         555   11.100000000000000       -2524271.0406389646        224.03006684718483     
         556   11.120000000000001       -2534590.7638804247        225.02237359569028     
         557   11.140000000000001       -2523109.3097363184        226.80907368099116     
         558   11.160000000000000       -2521047.5797167132        228.53821845696015     
         559   11.180000000000001       -2518108.1542754397        228.96405658032620     
         560   11.200000000000001       -2510265.1200098312        227.42970678053578     
         561   11.220000000000001       -2505863.6293926020        224.42102500110423     
         562   11.240000000000000       -2510346.5418255357        221.16531143197832     
         563   11.260000000000000       -2498569.7353024730        219.03829547421512     
         564   11.280000000000001       -2493004.8540132204        218.81339999648654     
         565   11.300000000000001       -2449621.7843816285        219.87911672263724     
         566   11.320000000000000       -2397433.6249926542        221.22455316532859     
         567   11.340000000000002       -2379156.6995851737        222.72270186722830     
         568   11.360000000000001       -2375180.7389691728        224.46993274374026     
         569   11.379999999999999       -2418139.0294634635        226.03943340049477     
         570   11.400000000000000       -2460903.8698680010        227.05878543586414     
         571   11.420000000000000       -2496766.9152225931        227.62588669376825     
         572   11.440000000000000       -2516743.5408452661        227.55356421978786     
         573   11.460000000000001       -2522217.5182370539        226.45582266487685     
         574   11.480000000000000       -2512370.8843107638        224.49080915310711     
         575   11.500000000000002       -2488356.7069529821        222.36688168807950     
         576   11.520000000000001       -2469457.5345417000        221.16259603252027     
         577   11.540000000000001       -2441801.7982746130        221.50740651860028     
         578   11.560000000000000       -2423279.8362573590        222.58440960569828     
         579   11.580000000000000       -2399976.0363817550        223.37551501387784     
         580   11.600000000000000       -2398338.1955779986        223.85160590227287     
         581   11.620000000000001       -2370139.8797171665        224.18744797441300     
         582   11.640000000000001       -2358793.4947299110        224.24494491208230     
         583   11.660000000000000       -2370824.7636913890        224.01678909177710     
         584   11.680000000000001       -2367692.3624210577        223.74059013548376     
         585   11.700000000000001       -2390636.7455062978        223.60485661688941     
         586   11.719999999999999       -2412617.7505558752        223.83405102713169     
         587   11.740000000000000       -2439714.3511086088        224.42892102585009     
         588   11.760000000000000       -2464149.2483993615        224.84511277206244     
         589   11.780000000000001       -2480722.4018594958        224.90529972252429     
         590   11.800000000000001       -2483698.8201800222        225.18747063531600     
         591   11.820000000000000       -2467848.2128750784        226.01123482952696     
         592   11.840000000000002       -2469637.7820705394        226.84483218350027     
         593   11.860000000000001       -2471614.5948340949        226.90300896092955     
         594   11.880000000000001       -2457074.3969293437        225.93497985740441     
         595   11.900000000000000       -2446574.4012744008        224.28940677908741     
         596   11.920000000000000       -2434163.0885327053        222.38631222396899     
         597   11.940000000000000       -2425671.7178372447        220.26481391351010     
         598   11.960000000000001       -2410094.2366361702        218.13105663363118     
         599   11.980000000000000       -2401834.8828696529        217.21424319644623     
         600   12.000000000000000       -2393410.4706890560        218.70934409986592     
         601   12.020000000000001       -2391678.5085155182        221.98510216423719     
         602   12.040000000000001       -2398466.0031059384        225.12298095148978     
         603   12.060000000000002       -2412259.9000989445        226.67818810593846     
         604   12.080000000000000       -2428946.9082315322        226.63303859221497     
         605   12.100000000000000       -2436765.3735154700        225.80447074675686     
         606   12.120000000000001       -2439293.3452775767        224.70261652666898     
         607   12.140000000000001       -2422435.9000605564        223.40518016589553     
         608   12.160000000000000       -2388502.5103107952        222.02752367868186     
         609   12.180000000000001       -2344798.4168762574        221.01022732615974     
         610   12.200000000000001       -2303119.1075691124        221.31053560252349     
         611   12.220000000000001       -2287415.6296975315        223.62527237641484     
         612   12.240000000000002       -2334857.5934626991        226.29354416827323     
         613   12.260000000000000       -2381212.5801462093        227.17444198704757     
         614   12.279999999999999       -2404690.4322321056        226.15462444279393     
         615   12.300000000000001       -2425246.5694901496        224.16372435468719     
         616   12.320000000000000       -2444867.7981842584        222.04563244385102     
         617   12.340000000000002       -2429447.9929508758        220.19005880237017     
         618   12.360000000000001       -2405094.3039395139        219.02465361721249     
         619   12.380000000000001       -2367307.3804727718        219.15411265300139     
         620   12.400000000000002       -2337468.2353626331        220.84733049113902     
         621   12.420000000000000       -2315465.8292996213        223.80493313546313     
         622   12.440000000000000       -2336343.4596169260        226.94114542029530     
         623   12.460000000000001       -2349715.4020662629        229.02127117415498     
         624   12.480000000000000       -2372677.9045298388        229.54949518575577     
         625   12.500000000000000       -2391530.7765963087        228.80406777392301     
         626   12.520000000000001       -2430240.4459792478        227.69606097610259     
         627   12.540000000000001       -2443706.4613614385        226.87434379998842     
         628   12.560000000000000       -2438609.9323430071        226.36527001559179     
         629   12.580000000000002       -2456600.1192923160        226.00920776115930     
         630   12.600000000000000       -2466783.1879619425        225.22414059842757     
         631   12.620000000000001       -2441596.5449104053        223.38898675542413     
         632   12.640000000000001       -2392820.6925789420        220.85102079951537     
         633   12.660000000000000       -2352816.8776539541        218.57308783693645     
         634   12.680000000000001       -2334380.8422357943        217.44383430522851     
         635   12.700000000000001       -2334329.7987784077        217.89031307736275     
         636   12.720000000000001       -2342753.8391207545        219.46149751254384     
         637   12.740000000000002       -2364208.0201681135        221.51934046894345     
         638   12.760000000000000       -2364105.4486498898        223.37902335318628     
         639   12.779999999999999       -2348849.5080854399        224.18541588861203     
         640   12.800000000000001       -2344698.2899069991        224.18013752448314     
         641   12.820000000000000       -2399327.2422531382        224.57779538812630     
         642   12.840000000000000       -2441997.0577800823        225.65034963599757     
         643   12.860000000000001       -2486740.4372306331        226.81930489266185     
         644   12.880000000000001       -2533380.3005639035        227.78415050658515     
         645   12.900000000000002       -2564316.7898938339        228.61823359690470     
         646   12.920000000000002       -2593856.3306094096        229.04020545501592     
         647   12.940000000000000       -2607557.1435723272        228.32533375680967     
         648   12.960000000000001       -2609066.2472834652        226.46870214558243     
         649   12.980000000000000       -2601719.6273355838        224.50077380765006     
         650   13.000000000000000       -2610160.1680741827        223.07171340083261     
         651   13.020000000000001       -2626831.7884128881        222.27315034418729     
         652   13.040000000000001       -2625626.0685304580        222.26848584047991     
         653   13.060000000000000       -2624894.5180425481        222.86034357842416     
         654   13.080000000000002       -2612816.0937727625        223.43538280516429     
         655   13.100000000000000       -2584704.6724358876        223.72407492154090     
         656   13.119999999999999       -2537432.0375142200        224.23733359364394     
         657   13.140000000000001       -2492494.8412705064        225.27633187403333     
         658   13.160000000000000       -2467076.5702086654        226.22900931173612     
         659   13.180000000000001       -2459070.0634388016        226.54307275847231     
         660   13.200000000000001       -2443603.0682590730        226.04889872305534     
         661   13.220000000000001       -2412300.8782541319        225.22552116458448     
         662   13.240000000000002       -2416259.5618374040        225.08887651875801     
         663   13.260000000000002       -2401281.6552848858        225.85912195862528     
         664   13.279999999999999       -2413000.8564694584        227.08512024282132     
         665   13.300000000000001       -2443538.5910485666        228.57572577666855     
         666   13.320000000000000       -2499040.9841312696        229.71907144461758     
         667   13.340000000000000       -2576736.7100312109        229.52304566996727     
         668   13.360000000000001       -2645701.3429977996        227.89308043011070     
         669   13.380000000000001       -2685131.0733843725        225.54288817434224     
         670   13.400000000000000       -2713274.0322017632        223.44281620182309     
         671   13.420000000000002       -2712331.8191722226        222.25484759861160     
         672   13.440000000000000       -2688545.7313538771        221.98664843959511     
         673   13.460000000000001       -2720705.2423545597        222.12435398883747     
         674   13.480000000000000       -2718141.8272692026        222.16466772840656     
         675   13.500000000000000       -2708882.6412235363        222.12023621603620     
         676   13.520000000000001       -2693709.1697109756        222.17259994886851     
         677   13.540000000000001       -2676357.8356234133        222.18880172317995     
         678   13.560000000000000       -2658623.4424815159        221.82137046980051     
         679   13.580000000000002       -2643355.9811591259        220.90324807006726     
         680   13.600000000000001       -2644893.4337992328        220.10259371236367     
         681   13.619999999999999       -2642920.8022655942        220.75965739847680     
         682   13.640000000000001       -2659523.2752347658        223.29742701967317     
         683   13.660000000000000       -2646320.8184284703        226.52846091579997     
         684   13.680000000000000       -2598239.3313025469        228.92866054845410     
         685   13.700000000000001       -2564414.6269240873        229.90056401959308     
         686   13.720000000000001       -2568731.6848882819        229.86533884996891     
         687   13.740000000000002       -2557221.0055683348        229.46910666905922     
         688   13.760000000000002       -2594210.7317116265        228.83626313259464     
         689   13.779999999999999       -2634266.3109475309        227.64747266396986     
         690   13.800000000000001       -2690367.6718093809        225.85575781039427     
         691   13.820000000000000       -2703445.5887355115        223.88069532975820     
         692   13.840000000000000       -2696241.4358773492        221.95543728917548     
         693   13.860000000000001       -2665523.8014050880        219.95572639469572     
         694   13.880000000000001       -2604016.2864452605        218.02509835624610     
         695   13.900000000000000       -2570342.2383167115        216.78928679010497     
         696   13.920000000000002       -2531149.4974799636        217.00790870568895     
         697   13.940000000000001       -2513306.2073462857        218.92821613593429     
         698   13.959999999999999       -2525220.5635869214        221.72906601811550     
         699   13.980000000000000       -2538636.8227432780        223.89537627575689     
         700   14.000000000000000       -2543909.2791212578        224.57522428574345     
         701   14.020000000000001       -2539636.0166002386        224.09206137089743     
         702   14.040000000000001       -2511669.4095841930        223.49804772651970     
         703   14.060000000000000       -2505107.3878125977        224.53700780735460     
         704   14.080000000000002       -2525345.1281511756        227.85524382050298     
         705   14.100000000000001       -2557757.8513378156        231.35716238803789     
         706   14.119999999999999       -2603267.4971782407        232.31389362837166     
         707   14.140000000000001       -2613819.4143064218        230.10789888772058     
         708   14.160000000000000       -2627876.2853259621        225.94966195445622     
         709   14.180000000000000       -2629457.7400862342        221.48308180339276     
         710   14.200000000000001       -2601448.0879706079        217.98496133944300     
         711   14.220000000000001       -2588145.6147220726        216.46985137313598     
         712   14.240000000000000       -2593164.4359956477        217.19500140296873     
         713   14.260000000000002       -2583869.4114047894        219.16782195833323     
         714   14.280000000000001       -2578206.5745498673        221.10332744392502     
         715   14.300000000000001       -2568217.7695218474        222.16379642882467     
         716   14.320000000000000       -2541770.2876501232        222.20628902942013     
         717   14.340000000000000       -2526076.0944201648        221.99917160305498     
         718   14.360000000000001       -2515411.0266757458        222.35250285753054     
         719   14.380000000000001       -2498484.6961652990        223.46158344561780     
         720   14.400000000000000       -2509283.4562250781        225.22969123273606     
         721   14.420000000000002       -2539271.8811718398        226.86973425357584     
         722   14.440000000000001       -2560801.0067290771        227.29822500928108     
         723   14.459999999999999       -2608267.4719635993        226.84933881840968     
         724   14.480000000000000       -2631108.1440457609        226.43513402787201     
         725   14.500000000000000       -2638109.4221800906        226.65817987890381     
         726   14.520000000000000       -2639682.2673640070        227.88393269231244     
         727   14.540000000000001       -2607722.2455341090        229.12313135828862     
         728   14.560000000000000       -2590502.6835761685        229.07936165786265     
         729   14.580000000000002       -2538283.1586062317        227.50486039683341     
         730   14.600000000000001       -2509552.9950893042        225.07776977452167     
         731   14.620000000000001       -2513167.8277129810        223.39989734272169     
         732   14.640000000000001       -2532222.6757953828        223.07779831145473     
         733   14.660000000000000       -2519395.6319553596        222.49120230907229     
         734   14.680000000000000       -2493464.3078954061        220.88015881990211     
         735   14.700000000000001       -2468215.7519601965        219.26150364528320     
         736   14.720000000000001       -2438994.8433468156        218.67151178276046     
         737   14.740000000000000       -2446859.0904957522        219.77207688866275     
         738   14.760000000000002       -2464902.9539181287        222.57711558072407     
         739   14.780000000000001       -2508747.4705645591        226.23168647833435     
         740   14.799999999999999       -2545683.2771831946        229.64006305713158     
         741   14.820000000000000       -2581935.2944522789        231.64089541489574     
         742   14.840000000000000       -2612373.3046073071        231.33768445367355     
         743   14.860000000000001       -2624969.7360352441        228.90570784927431     
         744   14.880000000000001       -2618265.8729470414        225.81044409840200     
         745   14.900000000000000       -2606401.7878856948        224.07759696861439     
         746   14.920000000000002       -2613419.2844528542        224.40801215512349     
         747   14.940000000000001       -2618267.6840361590        225.74159610487743     
         748   14.960000000000001       -2619071.5797861442        226.95604234739938     
         749   14.980000000000000       -2650457.6266894089        227.46369667253143     
         750   15.000000000000000       -2674579.8794293958        226.94346916036790     
         751   15.020000000000000       -2721789.0928225378        225.43438999599255     
         752   15.040000000000001       -2690781.6484067515        223.32401786293519     
         753   15.060000000000000       -2661088.7654089942        221.31176824032644     
         754   15.080000000000000       -2613202.9244775157        220.22673577303613     
         755   15.100000000000001       -2592784.8326486903        220.54743122415789     
         756   15.120000000000001       -2583257.4963865192        221.95918801778924     
         757   15.140000000000002       -2553046.9384417273        223.69441637458328     
         758   15.160000000000000       -2608862.9878013134        225.70396826485003     
         759   15.180000000000000       -2617166.3340718881        228.42097655656323     
         760   15.200000000000001       -2579792.2134607146        230.75280791286102     
         761   15.220000000000001       -2631183.8137968737        231.03519163359323     
         762   15.240000000000000       -2641447.5616807891        229.09653198205513     
         763   15.260000000000002       -2645499.2707417309        225.82539104504943     
         764   15.280000000000001       -2635108.8197502042        222.32459544781815     
         765   15.300000000000001       -2617697.2856047940        219.60814269206398     
         766   15.320000000000002       -2587092.4500229424        218.39471196270912     
         767   15.340000000000000       -2541104.8208758440        218.73892371886919     
         768   15.359999999999999       -2512291.0703751137        219.85141148210008     
         769   15.380000000000001       -2488002.3372809347        220.93186346427183     
         770   15.400000000000000       -2459875.6710112579        221.70233500141350     
         771   15.420000000000002       -2424856.6468621637        222.32888847997253     
         772   15.440000000000001       -2423431.3411118272        223.11868855524190     
         773   15.460000000000001       -2426307.2188557708        223.81442907336447     
         774   15.480000000000002       -2431764.8498444753        223.76008753224326     
         775   15.500000000000000       -2450737.7098711738        223.02767039463640     
         776   15.520000000000000       -2455685.8224251750        222.16335249946130     
         777   15.540000000000001       -2479947.0423577819        221.17596469380840     
         778   15.560000000000000       -2483331.5862211739        220.33785817507763     
         779   15.580000000000000       -2481392.2313326672        220.60779154951220     
         780   15.600000000000001       -2491440.4742927845        222.10219217214825     
         781   15.620000000000001       -2519602.3372727870        223.65812394127346     
         782   15.640000000000002       -2518268.7809807770        224.75834246437759     
         783   15.660000000000002       -2535524.7744014175        226.01965334758725     
         784   15.680000000000000       -2569093.1953415917        227.42203995156754     
         785   15.700000000000001       -2579356.1874115854        227.95850920589149     
         786   15.720000000000001       -2591339.8120911801        227.18848142952021     
         787   15.740000000000000       -2601870.9519523997        225.79225746284104     
         788   15.760000000000002       -2594768.7653778912        224.71242364375780     
         789   15.780000000000001       -2599327.4737362619        224.38397690537337     
         790   15.800000000000001       -2593870.2919048243        224.52847735473063     
         791   15.820000000000002       -2573319.1618014579        224.36652602238783     
         792   15.840000000000000       -2555117.8645184911        223.52893102502858     
         793   15.859999999999999       -2532072.0985021614        222.98243221066866     
         794   15.880000000000001       -2528383.6924125520        223.69568514766539     
         795   15.900000000000000       -2558694.8015754661        224.90267694686696     
         796   15.920000000000002       -2585274.1666696128        225.58634238546551     
         797   15.940000000000001       -2611847.2407111763        225.73107816607214     
         798   15.960000000000001       -2634684.1395151746        225.70105494695909     
         799   15.980000000000002       -2663495.4015090666        225.70565940021513     
         800   16.000000000000000       -2652846.7947771000        225.69642837273886     
         801   16.020000000000000       -2630355.6759784035        225.50375981362708     
         802   16.040000000000003       -2608441.6057241536        225.55329038878463     
         803   16.060000000000002       -2597953.7798850918        226.46988409375535     
         804   16.080000000000002       -2612607.2775265276        227.49637401728879     
         805   16.100000000000001       -2637189.8997643045        227.75095352383110     
         806   16.120000000000001       -2643060.0132568148        227.62487081719721     
         807   16.140000000000001       -2648763.8856386747        227.46256585293796     
         808   16.160000000000000       -2653985.3259922806        227.26010552493500     
         809   16.180000000000000       -2623816.4503943031        227.06026530653918     
         810   16.200000000000003       -2612034.2338467776        226.33749449760100     
         811   16.220000000000002       -2603080.5446736021        224.50828197292225     
         812   16.240000000000002       -2604678.8668290870        221.83764488403816     
         813   16.260000000000002       -2601439.9512636648        219.13273408405286     
         814   16.280000000000001       -2590827.0462982249        217.13893492894601     
         815   16.300000000000001       -2582816.3068368211        216.21655397906730     
         816   16.320000000000000       -2579151.1391079379        216.42946584127768     
         817   16.340000000000000       -2580439.7402590080        217.85227992707590     
         818   16.359999999999999       -2584461.0602400000        219.84776882064909     
         819   16.380000000000003       -2583526.4683400271        221.10019293199784     
         820   16.400000000000002       -2596863.9151661252        221.17965143765301     
         821   16.420000000000002       -2586982.5373356161        220.70787704772565     
         822   16.440000000000001       -2586764.4493926167        220.77428461107064     
         823   16.460000000000001       -2580881.6229913575        222.46813272449228     
         824   16.480000000000000       -2580751.8656246862        224.85574661313416     
         825   16.500000000000000       -2581222.2289922093        226.33395347931014     
         826   16.520000000000000       -2573792.6971708736        227.20338313879461     
         827   16.540000000000003       -2556180.3985733292        227.84551617570528     
         828   16.560000000000002       -2550530.3576393914        227.22259524174706     
         829   16.580000000000002       -2526905.1736818543        225.11562782031726     
         830   16.600000000000001       -2523023.6734959171        223.13613069525914     
         831   16.620000000000001       -2505116.8292822675        222.74440098319772     
         832   16.640000000000001       -2520202.7178747058        224.14555486733406     
         833   16.660000000000000       -2528338.5546510709        226.26639862532721     
         834   16.680000000000000       -2544456.4436709299        227.89144244053676     
         835   16.699999999999999       -2553900.3468513982        228.42338885248640     
         836   16.720000000000002       -2566579.0944171688        227.87936783973490     
         837   16.740000000000002       -2559824.0739855091        226.84585971352993     
         838   16.760000000000002       -2564038.3072235771        225.95580660266648     
         839   16.780000000000001       -2563789.3357758699        225.29092060705841     
         840   16.800000000000001       -2572091.2250238601        224.31866888715851     
         841   16.820000000000000       -2559982.8874216056        222.52308522407805     
         842   16.840000000000000       -2547438.2081933487        220.81411136545509     
         843   16.859999999999999       -2538334.4975407901        220.82440362489692     
         844   16.880000000000003       -2564636.4907485121        222.22479101828259     
         845   16.900000000000002       -2592179.2696251986        223.82223348668816     
         846   16.920000000000002       -2615955.9138507140        225.19399607749233     
         847   16.940000000000001       -2633693.4436571030        225.67444905927610     
         848   16.960000000000001       -2624935.3108089650        224.30473177385161     
         849   16.980000000000000       -2603299.8640441927        221.44613063107556     
         850   17.000000000000000       -2592310.4280233686        219.27362483770904     
         851   17.020000000000000       -2590911.0603107736        219.52021856588408     
         852   17.040000000000003       -2598037.3362691212        221.53906773945116     
         853   17.060000000000002       -2581345.6683374532        223.93168100422199     
         854   17.080000000000002       -2601575.0622634371        225.86648372071053     
         855   17.100000000000001       -2634237.1874379739        226.79547540881632     
         856   17.120000000000001       -2646145.2112844503        226.35338401169469     
         857   17.140000000000001       -2641614.8314857823        224.63750135822676     
         858   17.160000000000000       -2614711.4677267005        222.38800824524745     
         859   17.180000000000000       -2582313.8707580403        220.48773992860978     
         860   17.199999999999999       -2565933.2902806136        219.53064113322142     
         861   17.220000000000002       -2566055.3153634551        220.44649209503652     
         862   17.240000000000002       -2574744.8170180609        223.41099643249055     
         863   17.260000000000002       -2579248.6690126010        226.89103126485458     
         864   17.279999999999998       -2586694.3109042631        229.30189195956953     
         865   17.300000000000001       -2574787.9168003798        229.78787976152947     
         866   17.320000000000000       -2557076.5869531282        228.21859871648959     
         867   17.340000000000000       -2528449.0510365358        225.15319651295451     
         868   17.359999999999999       -2482934.2483171350        221.81974736967817     
         869   17.379999999999999       -2417668.1555649526        219.50957435676600     
         870   17.399999999999999       -2358434.8769557630        218.71651243079225     
         871   17.420000000000002       -2289010.5773818516        219.55505474260823     
         872   17.440000000000001       -2346919.1140684150        221.48831326176452     
         873   17.460000000000001       -2440963.5296198740        222.60546601299379     
         874   17.480000000000000       -2520259.1724954778        222.10068744347680     
         875   17.500000000000000       -2552568.2754490091        221.24104776092233     
         876   17.520000000000003       -2570525.4897851916        221.40538194987221     
         877   17.540000000000003       -2546953.8018139815        222.68176521506354     
         878   17.560000000000002       -2567805.0337841883        224.23866591184532     
         879   17.580000000000002       -2583816.4386428976        225.26971109202051     
         880   17.600000000000001       -2592353.0884318058        225.77543158666305     
         881   17.619999999999997       -2600581.0358790583        226.62539435016205     
         882   17.640000000000001       -2606446.9179904386        228.47889515717785     
         883   17.660000000000000       -2597341.5013824794        230.50045697521364     
         884   17.680000000000000       -2586310.0165143590        231.03078633649235     
         885   17.699999999999999       -2570032.9490620168        229.47959588357730     
         886   17.719999999999999       -2524026.4587765699        226.59867433793693     
         887   17.740000000000002       -2493045.9484711974        223.75194622346581     
         888   17.760000000000002       -2463698.1261274978        222.19847551546516     
         889   17.780000000000001       -2469177.4753849152        222.35964002515948     
         890   17.800000000000001       -2483539.0190211791        223.48955006837423     
         891   17.820000000000000       -2498089.6340969661        224.37228672117851     
         892   17.840000000000000       -2495308.2901919978        224.22404665364482     
         893   17.860000000000003       -2479820.0579621517        223.18005046205843     
         894   17.880000000000003       -2459530.1876175059        221.99236082685212     
         895   17.900000000000002       -2441721.5350042782        221.02108928050976     
         896   17.920000000000002       -2439348.9983252543        220.12818031051648     
         897   17.940000000000001       -2454328.5336883534        219.93113393693221     
         898   17.959999999999997       -2487324.7705584900        221.53588286680639     
         899   17.980000000000004       -2536528.4838570645        223.96584634600669     
         900   18.000000000000000       -2577667.8093754058        225.44722028821872     
         901   18.020000000000000       -2595904.4450530442        225.39510285776697     
         902   18.039999999999999       -2597197.9343096339        224.18633536410056     
         903   18.059999999999999       -2582521.3569571478        222.68995396698145     
         904   18.080000000000002       -2572631.1750045256        221.25766940913661     
         905   18.100000000000001       -2551728.1178854401        220.45361214339852     
         906   18.120000000000001       -2533190.8947903011        221.11998047806327     
         907   18.140000000000001       -2515239.3049097853        222.62403036091516     
         908   18.160000000000000       -2535520.8484533681        223.61101206755785     
         909   18.180000000000000       -2540325.6952152690        223.72645289419762     
         910   18.200000000000003       -2528869.0854729041        223.38773778535244     
         911   18.220000000000002       -2524948.7016333435        223.45991488325603     
         912   18.240000000000002       -2527231.8972884999        224.83571804625271     
         913   18.260000000000002       -2520266.6284810794        226.94543844250717     
         914   18.280000000000001       -2512402.6125543378        228.36486926064896     
         915   18.300000000000004       -2501499.8820555685        228.50185782389812     
         916   18.320000000000004       -2480834.6883356753        227.85043006704609     
         917   18.340000000000000       -2477637.4912704309        227.11805955950715     
         918   18.359999999999999       -2494720.7413821099        226.37677487440965     
         919   18.379999999999999       -2527722.8480328256        225.37175451320681     
         920   18.399999999999999       -2555181.1241909899        224.51174605448784     
         921   18.420000000000002       -2602053.7153071784        224.58648065372515     
         922   18.440000000000001       -2639490.3896175153        225.60347798048255     
         923   18.460000000000001       -2659064.3466259358        227.17695644550315     
         924   18.480000000000000       -2664695.1833383515        228.85081084519354     
         925   18.500000000000000       -2644731.6914480873        229.88347860758458     
         926   18.520000000000000       -2624537.1398178716        229.89962089802137     
         927   18.540000000000003       -2597614.1288340404        229.26898170037359     
         928   18.560000000000002       -2602579.2447335301        228.35087965510166     
         929   18.580000000000002       -2609696.0676496774        226.92689616658828     
         930   18.600000000000001       -2630200.0846336479        224.82480441763178     
         931   18.620000000000001       -2626585.9882257222        222.57072978813642     
         932   18.640000000000004       -2634016.4820950055        221.33119889708345     
         933   18.660000000000004       -2639577.1351631670        221.82895094362644     
         934   18.680000000000000       -2624566.8174581570        223.43677898846582     
         935   18.699999999999999       -2633607.4014314124        225.13564183428340     
         936   18.719999999999999       -2639474.5122101312        226.45626750289642     
         937   18.739999999999998       -2652698.7049783464        227.39098499714780     
         938   18.760000000000002       -2654964.2625615681        227.98625819808316     
         939   18.780000000000001       -2651248.7236367622        228.05365270268481     
         940   18.800000000000001       -2672639.3816694058        227.43617640054663     
         941   18.820000000000000       -2673620.4795675562        226.29489792998100     
         942   18.840000000000000       -2687724.3864258532        225.12365918953063     
         943   18.860000000000003       -2705062.2720206711        224.48814703634719     
         944   18.880000000000003       -2706142.4664893779        224.40309554248694     
         945   18.900000000000002       -2712071.0461382899        224.38863522159593     
         946   18.920000000000002       -2704635.5379478149        224.08742109032846     
         947   18.940000000000001       -2686901.7107984880        223.55991512414553     
         948   18.960000000000001       -2687808.1037665089        223.09069385483025     
         949   18.980000000000004       -2684968.9901766931        222.75425406631518     
         950   19.000000000000004       -2690226.9594552326        222.45665389347712     
         951   19.020000000000000       -2666754.8727555252        222.14728599523886     
         952   19.039999999999999       -2638037.6901981053        221.82611957993959     
         953   19.059999999999999       -2622645.4746083687        221.71384654264773     
         954   19.079999999999998       -2600107.6554458113        222.27710273677690     
         955   19.100000000000001       -2614330.4499844736        223.39599154093915     
         956   19.120000000000001       -2624674.3051394210        224.19552258840105     
         957   19.140000000000001       -2633291.8192040371        224.15554865934135     
         958   19.160000000000000       -2626809.9493513163        223.37315819826841     
         959   19.180000000000000       -2610768.9068299527        222.03360025105027     
         960   19.200000000000003       -2610542.2681644093        220.50773198995608     
         961   19.220000000000002       -2601135.8663279647        219.82827770938277     
         962   19.240000000000002       -2600550.4076342918        221.02236728024477     
         963   19.260000000000002       -2612729.9573020381        223.53141892593032     
         964   19.280000000000001       -2619804.4105697512        225.52407070270738     
         965   19.300000000000001       -2611152.7885024319        225.97767935322906     
         966   19.320000000000004       -2593009.2979232823        225.33954918167245     
         967   19.340000000000003       -2580222.2498466675        224.70480081921303     
         968   19.359999999999999       -2555497.7278449484        224.76542268001782     
         969   19.379999999999999       -2542989.8399861376        225.23988133260241     
         970   19.399999999999999       -2550683.7320745839        225.56977866445257     
         971   19.420000000000002       -2538206.2195278686        225.64243901550418     
         972   19.440000000000001       -2508695.7335610003        225.48586982739727     
         973   19.460000000000001       -2473386.2380184224        225.16874740053478     
         974   19.480000000000000       -2457184.9874486271        225.02409177979291     
         975   19.500000000000000       -2500643.8929531537        225.62958256856643     
         976   19.520000000000000       -2541545.3934774315        226.80213773815800     
         977   19.540000000000003       -2573283.0058893124        227.32538625065180     
         978   19.560000000000002       -2582046.5571583007        226.31549165818635     
         979   19.580000000000002       -2587544.3899803292        224.08369294830098     
         980   19.600000000000001       -2581825.9458266906        221.88579063940657     
         981   19.620000000000001       -2588976.4834295101        220.93154523932716     
         982   19.640000000000001       -2581123.4124804595        221.35637874243358     
         983   19.660000000000004       -2583781.1665628152        222.11812050016079     
         984   19.680000000000003       -2549240.5888133650        222.22602913885831     
         985   19.699999999999999       -2520144.5738676055        221.64442019602464     
         986   19.719999999999999       -2468413.5747084115        220.87538522567820     
         987   19.739999999999998       -2459546.2118864260        220.87076423838533     
         988   19.760000000000002       -2489205.2927300171        222.43783261841895     
         989   19.780000000000001       -2534877.2227290771        224.91122247325669     
         990   19.800000000000001       -2595216.0912726773        226.75529224407063     
         991   19.820000000000000       -2601203.2550859228        227.13152593112085     
         992   19.840000000000000       -2602417.6128075626        226.24016719438094     
         993   19.859999999999999       -2577364.7289093034        224.85615130417020     
         994   19.880000000000003       -2543817.2859854070        223.96375076351106     
         995   19.900000000000002       -2540002.9537498117        224.39368527245520     
         996   19.920000000000002       -2560523.5918908161        225.98492374224793     
         997   19.940000000000001       -2602296.9987269016        227.63306464323577     
         998   19.960000000000001       -2621700.0508628241        228.52791535013102     
         999   19.980000000000004       -2657618.1928283139        228.39748101842798     
        1000   20.000000000000004       -2684802.0980642610        227.04141002292948     
